10,105,3,5,3,4,1,10,6,6,1
10,105,9,5,6,5,3,7,1,3,1
10,101,6,1,5,4,5,5,4,3,1,9,5,1,1
10,1010,5,10,4,7,1,1,1,2,1
10,101,8,2,4,3,1,2,6,7,9,5,1,1,1
10,106,9,4,6,4,4,4,1,1,1,1,1
10,1010,4,7,4,3,4,9,2,1,2
10,104,10,6,1,6,3,6,5,5,1,1,1
10,105,9,2,2,3,7,1,10,7,1,1,9,1,2,2,1
10,103,7,4,10,3,9,2,2,1,1,6,1,1,1
10,106,7,4,10,5,3,1,2,1,1
10,101,3,7,1,10,1,9,4,1,2,10,3,7,1,2,2,1,1
10,105,7,2,3,8,2,5,6,4,2,3,1,1,1,1,1
10,103,9,7,9,7,1,2,1,1,1
10,109,4,3,2,3,2,10,1,7,1,1,5,9,1,7,3
10,102,3,8,8,2,4,7,1,8,1,2,1,2,2,1,1
10,1010,9,1,1,1,1,6,1,1,1,1,1
10,106,1,10,7,7,1,10,1,3,2,1,1
10,1010,8,4,1,6,2,2,1,2,1
10,104,1,8,8,1,9,1,8,7,1,2,2,4,1
10,1010,7,3,1,10,2,6,1,1,1
10,103,7,3,3,3,3,10,3,7,1,4,5,4,1
10,108,8,2,9,8,1,7,1,2,1,1,1
10,103,6,4,5,7,5,1,4,5,1,2,3,3,4
10,104,7,6,8,5,2,4,3,1,2
10,101,4,9,3,10,5,9,2,1,1
10,103,1,7,8,2,6,3,4,7,1,3,1,2,1,1,5
10,1010,8,6,2,3,1,4,1,1,1
10,101,4,6,9,3,10,1,6,5,1,1,1
10,106,7,5,2,3,9,1,10,1,3,7,1,1,1
10,101,7,1,7,8,10,1,1,2,1,2,1,1,1
10,109,9,7,1,1,8,3,1,1,1
10,109,1,10,7,8,2,1,2,2,1,1,1
10,107,1,10,8,5,1,5,1,3,1
10,106,2,10,6,10,1,3,3,7,1,1,2
10,1010,8,7,2,2,2,1,1,1,1
10,1010,7,6,1,10,1,8,1,2,2,2,1
10,106,2,10,8,2,1,4,1,2,1
10,1010,5,2,5,7,5,1,3,1,2
10,101,5,5,5,7,4,1,10,4,4,8,1,4,1,1,1,1,2,1,1
10,1010,9,3,1,2,1,3,1,2,1
10,105,3,1,10,9,3,8,2,4,4,5,2,3,1,1,3
10,108,1,4,1,2,9,2,5,4,3,2,5,1,2,8,4,1,1,3,1
10,108,9,2,10,4,1,3,1,1,1
10,104,8,5,8,1,5,1,1,9,1,7,1,1,3,3,1
10,109,3,5,1,9,6,3,1,1,9,2,1
10,103,8,4,3,2,6,6,2,3,2,2,6,3,6,4,1
10,109,7,10,3,1,5,1,1,1,1
10,109,6,1,8,9,3,10,1,1,1
10,106,1,8,9,2,3,2,4,2,3,2,1
10,106,1,7,6,9,2,3,7,4,1,3,1,4,1,1,2
10,108,2,1,10,3,7,4,1,1,10,4,1,5,7
10,1010,6,7,3,3,2,8,1,3,1,2,1
10,104,7,6,8,4,2,2,2,8,1,4,1
10,109,8,10,1,1,9,4,1,5,1
10,106,6,10,3,2,1,4,7,3,1,1,1
10,1010,3,5,1,10,3,10,2,1,2,8,1,4,1,1,1
10,104,7,10,3,4,7,2,6,2,1
10,1010,9,3,1,3,1,2,1,2,1
10,107,7,3,7,10,2,4,1,6,1
10,103,6,2,5,3,7,10,3,1,6,7,1,2,1,1,2,1,4
10,104,3,10,6,6,1,6,2,9,1,1,1
10,102,9,8,6,8,4,1,1,1,1
10,1010,9,2,1,5,1,2,1,1,1
10,1010,8,7,2,3,1,1,1,2,1
10,102,7,8,9,1,2,9,1,2,1,1,1
10,103,1,10,8,6,1,5,1,5,1,1,1
10,102,9,8,5,8,2,10,1,8,1,7,1,1,1
10,104,1,7,9,3,9,1,1,2,1,2,1,1,1
10,109,9,10,1,1,6,1,2,1,1
10,1010,8,3,1,5,2,4,1,1,2,1,1
10,1010,8,8,1,9,1,1,1,2,1
10,102,1,7,6,3,7,10,3,5,1
10,105,9,5,5,5,4,9,1,1,1
10,105,4,5,10,5,5,4,1,1,1
10,104,8,6,7,5,2,10,1,5,1,1,1
10,108,8,1,1,2,7,9,2,1,3
10,104,8,6,9,6,1,4,1,4,1
10,107,1,6,1,10,8,4,1,2,1,1,1
10,103,2,7,9,3,8,5,1,2,1
10,102,4,8,9,9,1,2,5,1,1
10,105,2,5,3,10,7,3,1,2,1
10,102,3,6,7,6,1,4,8,6,1,2,1,2,2,2,1
10,105,3,4,6,5,9,8,1,1,3,1,2,2,1,1,1
10,101,6,2,2,9,5,8,5,1,3,1,1,1,1
10,1010,7,7,2,3,2,7,1,1,1,2,1
10,1010,3,6,2,1,2,5,4,4,7,1,3,5,1
10,109,3,8,7,2,1,1,3,2,3,2,3
10,108,6,2,6,9,3,10,1,1,3
10,109,3,10,7,1,1,1,1,1,1
10,101,1,10,7,9,1,9,2,1,1,1,1
10,109,5,7,1,7,4,2,5,1,10
10,103,7,7,8,10,2,1,1,2,1
10,106,7,4,8,9,1,10,1,5,1,1,1,1,1
10,1010,8,6,1,4,1,8,1,2,1
10,101,3,8,3,4,3,3,3,2,7,8,3,6,1,2,4
10,108,6,9,1,2,9,8,3,1,1
10,1010,7,7,3,3,1,2,1,1,2,2,1
10,1010,3,7,5,3,6,9,1,4,1,3,1,1,1
10,106,6,9,4,3,6,1,8,1,2
10,102,10,4,7,4,8,1,2,7,2,4,1
10,106,8,4,9,6,2,3,1,1,1
10,101,2,10,8,1,2,6,1,7,1,2,1,1,1
10,101,1,4,3,10,7,5,2,4,1,1,1,1,1,1,1
10,108,9,2,7,2,2,8,1,2,1
10,105,9,5,5,5,4,3,1,2,1,2,1,1,1,2,1
10,105,9,5,4,9,1,5,5,1,1
10,107,8,3,9,7,1,5,1,4,1,1,1
10,106,5,3,6,10,4,6,1,1,5,1,1
10,101,9,9,8,10,1,8,1,1,1
10,106,1,10,9,2,1,1,1,1,1
10,101,1,10,3,9,4,9,2,1,7,5,1,3,1
10,104,8,2,1,4,1,6,7,4,3,1,2,4,1,1,2
10,108,10,1,2,1,5,2,3,1,4,1,2,1,1
10,102,1,10,7,10,2,3,1,4,1,1,1
10,103,2,5,2,5,7,4,4,7,2,5,1,6,1,5,1,1,3
10,1010,8,9,1,8,1,2,1,1,1
10,101,2,9,8,1,8,8,1,9,1,1,1
10,109,7,8,3,1,8,2,2,1,1
10,1010,7,7,1,9,2,1,3,1,1,1,1
10,108,10,1,8,1,9,2,1,1,1
10,101,1,10,9,4,1,3,1,2,1
10,102,2,3,8,5,2,7,7,9,1,3,1,1,1
10,103,1,7,9,3,7,3,2,7,1
10,106,1,10,5,10,4,3,1,1,1
10,107,9,3,5,3,5,4,1,3,1
10,108,10,2,3,2,6,1,1,1,1
10,105,8,3,7,1,6,1,6,8,2,2,2,5,1,2,1
10,101,9,8,1,8,6,1,3,9,3,1,2,2,1,1,1
10,105,1,10,9,1,1,3,1,1,1
10,103,3,10,3,3,4,7,3,7,4
10,103,10,4,8,3,8,7,1,5,1,1,1,1,1
10,101,2,10,7,8,3,1,2,2,1
10,106,1,7,4,3,6,1,4,9,4,5,1,2,1,1,1
10,1010,4,10,4,6,1,10,1,3,1,1,1
10,101,10,9,1,5,6,5,3,4,8,3,1,1,1
10,1010,9,4,1,2,1,1,1,3,1
10,101,7,5,4,3,2,3,6,6,6,5,2,1,1,2,1
10,104,1,9,9,5,1,1,9,1,1
10,107,10,3,8,2,2,1,1,1,1
10,109,9,1,8,8,1,1,2,1,1
10,103,1,6,6,3,2,4,3,10,2,7,1,4,2,6,1,1,2
10,106,3,3,9,4,7,3,7,1,1,2,1,2,1,1,1
10,102,4,8,9,8,1,2,4,1,1,2,1,1,1
10,105,6,5,4,3,6,7,3,6,1,1,3,1,2
10,106,9,4,8,8,1,1,1,2,1,3,1
10,103,4,5,3,7,6,5,4,2,1,3,2,2,1,1,1
10,104,2,6,2,8,5,2,8,8,3
10,1010,3,10,4,2,1,10,2,3,1,5,1
10,106,2,10,8,3,1,1,1,3,1,1,1
10,101,10,9,8,8,1,6,1,1,1,2,1,1,1
10,1010,6,7,1,2,1,10,3,1,1
10,104,7,3,3,6,6,7,3,6,1
10,106,8,4,9,10,1,3,1,2,1,1,1
10,109,9,1,9,3,1,5,1,2,1
10,107,3,10,5,10,2,2,2,2,1,1,2,1,1
10,1010,7,4,2,9,1,6,2,1,1
10,102,6,8,7,10,2,7,1,3,1,2,1
10,108,4,2,9,8,2,8,4,2,1
10,1010,2,7,1,10,1,10,2,10,4,3,1
10,101,3,9,9,8,1,1,7,1,1
10,103,8,9,1,3,3,7,3,4,5,10,1,2,2,1,2,1,1
10,107,8,9,1,3,9,2,1,3,1,2,1,1,1
10,1010,5,10,1,10,3,8,1,2,1
10,1010,3,3,5,10,2,7,4,7,1
10,108,2,1,8,9,8,2,1,2,1
10,101,5,6,7,1,4,5,2,10,1,4,2,3,5,2,2,1,2
10,101,2,5,8,5,8,8,2,1,2
10,106,1,7,6,3,10,7,3,1,1
10,101,4,1,9,8,5,9,5,1,1,1,1
10,1010,6,8,1,5,3,5,3,2,1
10,101,3,6,3,1,3,4,4,9,6,5,1,1,1
10,107,1,2,7,7,8,8,1,1,10,2,2,1,1
10,104,8,5,5,2,3,1,10,3,3,4,1,9,1,2,1,3,1
10,108,6,2,10,4,1,8,3,4,1
10,103,10,7,8,6,2,1,1,1,1
10,101,1,4,5,6,9,4,5,4,1,1,1
10,1010,8,8,2,1,1,1,2,1,1
10,1010,3,5,6,5,5,8,1,4,1,2,1,1,1
10,102,2,8,2,3,8,7,2,7,6
10,101,5,9,9,1,3,1,1,10,1
10,104,1,5,3,5,2,10,7,1,1
10,106,5,9,4,1,8,3,4,4,1,9,1,1,1
10,102,4,8,5,10,4,8,1,1,2,1,2
10,107,6,9,1,3,8,7,2,10,1,1,1
10,102,6,8,8,8,1,4,1,5,1,2,3,1,1
10,104,10,1,7,6,3,5,6,5,1
10,104,8,6,8,8,1,9,1,2,1,1,1
10,108,9,1,1,2,10,4,1,3,1
10,108,6,2,4,10,4,1,2,1,1,1,1
10,103,10,7,8,1,2,4,2,2,1,2,1
10,1010,8,3,1,4,1,1,2,5,2,1,1
10,109,10,1,4,1,1,1,4,1,1
10,102,4,6,10,2,3,4,4,4,2,1,1,1,1
10,104,5,1,5,8,3,1,8,5,5,8,1,3,1,6,1,1,1
10,1010,2,9,4,10,4,1,2,1,1,1,1
10,1010,8,7,1,3,2,5,1,1,1,1,1
10,101,8,1,5,7,2,1,2,8,2,8,1,3,4,9,1,6,4,1,2
10,103,1,10,9,4,1,2,1,1,1
10,103,7,7,1,3,8,10,1,4,8,5,1,1,1
10,101,9,6,10,3,1,3,8,4,1
10,108,2,10,6,10,1,2,2,7,1,3,1
10,108,5,5,5,5,1,2,6,5,2,3,2,1,1,1,1
10,102,1,4,2,8,6,2,7,2,4,4,3,3,2,1,2
10,103,1,10,7,1,1,2,1,7,3,3,1
10,103,9,6,10,1,10,2,1,1,1
10,101,4,4,3,6,5,7,4,2,7,4,1,4,1,2,1,2,1
10,102,8,5,7,10,2,3,7,8,1
10,105,2,3,2,3,8,7,6,5,1,2,3,7,1
10,103,1,7,1,10,6,9,3,1,2,1,1
10,104,8,3,4,6,6,7,2,1,1,2,1,2,1,1,1
10,105,7,4,10,1,9,5,3,1,1
10,106,4,3,5,10,5,5,1,1,5,1,1
10,1010,8,5,2,4,2,1,1,1,1
10,105,9,5,9,6,1,3,1,1,1
10,1010,6,3,2,7,3,10,1,2,1,1,1
10,102,2,3,2,6,1,3,3,2,9,8,6,8,1,1,1
10,101,7,9,7,8,1,10,2,2,1
10,101,2,1,6,1,9,8,9,8,1,2,1,1,1
10,104,4,6,7,10,3,1,1,3,2,4,1,1,1
10,1010,1,10,3,3,1,7,1,10,5
10,108,7,8,2,2,6,2,4,4,1,4,1
10,106,5,5,2,1,8,9,3,2,1,3,6,2,2,1,1
10,102,6,8,9,3,1,7,1,2,3
10,108,6,7,4,2,10,1,3,1,1
10,109,7,9,2,1,3,1,6,4,1,5,1,1,1
10,109,6,6,2,1,9,7,1,3,4,3,1,1,1,2,1
10,103,10,3,10,4,9,3,1,1,1
10,1010,8,10,1,4,1,5,1,1,1
10,109,9,1,8,8,1,2,1,1,1
10,1010,7,6,2,6,1,4,2,3,1,1,1
10,103,1,6,9,4,10,2,1,1,1
10,102,10,1,2,6,3,8,7,2,1,1,2
10,104,5,4,5,6,9,3,1,2,1,1,1
10,1010,6,9,4,1,2,1,1,1,1
10,1010,5,10,3,8,2,2,1,2,1
10,1010,9,3,1,4,1,2,1,1,1
10,109,6,3,4,1,7,7,3,6,1
10,1010,9,5,1,3,1,1,1,1,1
10,102,2,9,7,7,2,1,9,6,1,3,1,1,1
10,1010,7,8,2,8,1,2,2,2,1
10,104,9,6,7,8,1,6,2,2,1
10,101,2,7,8,4,2,3,9,5,1,2,1
10,1010,3,9,5,8,2,1,7,1,2
10,109,1,10,4,10,4,7,1,1,2,1,1,1,1
10,103,8,3,8,4,7,7,2,7,1,3,1
10,1010,6,10,3,6,1,3,1,1,1
10,109,1,9,8,7,1,1,9,3,1
10,104,1,9,6,1,7,7,3,3,3,4,1,1,1
10,109,9,1,9,7,1,2,1,1,1
10,107,5,3,9,7,5,2,1,1,1
10,105,1,3,9,1,10,6,9,4,1
10,105,9,5,9,7,1,2,1,1,1
10,109,8,1,10,2,1,8,1,7,1,1,1
10,109,7,1,8,6,1,10,2,3,1
10,1010,5,8,4,8,1,2,2,2,3
10,103,2,3,3,10,5,7,4,5,1,2,1
10,109,5,1,3,9,5,1,3,1,4
10,107,8,3,10,5,1,7,1,1,1,1,1
10,1010,9,4,1,2,1,3,1,1,1
10,109,5,9,4,1,10,6,1,2,1,1,1
10,103,1,10,8,7,2,2,1,1,1
10,106,1,3,5,7,5,3,2,10,3,7,1,1,1
10,1010,6,8,2,9,2,1,4,1,2
10,107,7,3,10,4,3,3,2,2,1,1,1
10,103,7,7,6,1,3,1,1,5,2,10,1,9,1,3,1,1,1
10,1010,4,3,3,2,3,1,1,7,3,5,2,3,4,1,1
10,105,4,3,5,1,3,4,10,3,6,1,2,1,1,1,1
10,108,7,5,1,1,5,9,2,1,9,3,1,2,1,1,2
10,102,10,4,1,8,2,8,7,1,1,3,1
10,1010,7,6,2,4,2,9,1,1,1
10,1010,4,1,1,7,4,8,2,3,4,2,1,1,1
10,108,3,10,6,8,1,2,3,2,1
10,1010,5,10,4,7,1,2,1,1,1
10,104,1,7,3,6,2,9,2,7,3,1,3,3,6,2,1,1,1
10,102,4,2,4,3,2,10,2,3,5,3,6,10,2,4,1,1,1
10,1010,8,3,1,8,1,7,1,2,1
10,101,2,9,3,10,6,9,1,1,1,1,1
10,1010,2,7,6,1,4,9,2,1,1,1,7,1,4,2,1,2,1
10,104,1,5,1,10,8,3,1,3,2,2,1
10,102,8,8,9,6,1,4,1,2,1
10,109,2,8,8,2,6,2,1,2,1,1,2
10,109,9,1,5,8,1,1,1,1,5
10,102,4,5,2,10,2,10,4,3,4,5,2
10,102,3,4,4,10,3,8,3,6,3,6,1
10,101,1,2,7,5,3,8,6,5,4,2,1
10,102,6,8,2,8,7,10,1,2,3
10,1010,4,1,5,9,3,10,1,9,2
10,108,2,1,2,8,3,2,10,7,5,1,1,1,1,1,1
10,103,2,4,8,6,4,3,6,7,2,3,1,3,1
10,105,4,8,6,2,6,5,3,3,1,2,1
10,102,10,1,1,8,9,4,1,2,1,1,1
10,1010,7,5,3,4,3,1,2,1,1
10,104,1,10,7,4,1,6,2,10,1
10,104,8,5,1,6,9,5,1,4,1
10,109,1,10,8,6,1,3,1,1,2
10,1010,8,3,2,5,2,1,2,1,1,1,1
10,101,10,9,5,9,4,7,1,2,1
10,102,4,5,2,4,2,10,2,10,2,5,3,3,4,6,1,1,1
10,102,3,10,6,8,3,7,1,3,1
10,101,9,6,2,3,4,9,6,6,2,1,1
10,107,5,3,6,6,1,5,2,3,4,7,2,2,2,1,1
10,101,2,5,3,3,2,5,10,2,4,2,6,5,1,1,2
10,1010,6,5,2,10,1,5,3,5,1
10,1010,7,9,3,1,1,1,1,1,1
10,103,4,10,6,7,3,4,1,1,1,2,1
10,1010,6,6,1,5,1,4,2,10,2,1,1
10,103,4,8,5,10,1,2,9,5,3,2,1,2,1,1,1
10,107,1,6,6,4,3,5,3,4,5,3,1,5,1,1,1,1,1
10,1010,8,10,1,1,1,8,1,1,1
10,102,8,9,1,8,3,8,4,6,2,4,1,2,1,1,1
10,1010,8,10,1,7,1,2,1,1,1
10,102,3,8,3,9,6,10,1,1,5,1,1
10,103,5,7,6,10,3,8,1,2,2,1,1
10,105,8,5,9,5,2,3,1,2,1
10,105,4,5,4,9,6,1,5,1,1
10,104,10,6,5,1,4,5,5,1,1
10,105,6,8,1,5,6,10,3,2,1
10,107,10,2,1,3,5,3,2,3,2,1,1
10,101,9,4,1,9,7,2,3,3,2,4,3
10,104,9,3,2,6,7,8,1,3,2,2,1
10,106,5,3,3,1,8,6,4,3,7,1,2,6,1
10,104,8,6,9,8,1,4,1,2,1
10,1010,1,4,3,6,7,4,6,6,2
10,104,7,1,10,1,8,2,7,9,2,8,1,2,7
10,104,4,6,7,8,1,4,3,10,2,2,1
10,1010,8,9,1,6,1,4,1,1,1
10,103,6,7,7,10,1,10,2,2,1,1,1
10,108,4,2,10,1,4,7,1,7,3,8,2
10,104,5,6,5,9,4,7,1,1,4,2,1,1,1
10,106,6,2,9,1,7,7,2,1,6,10,1,8,1,1,1
10,102,9,8,1,2,9,6,9,2,1
10,101,1,9,8,1,7,9,1,1,1,4,1,4,1,1,2
10,106,4,1,10,9,1,8,5,2,4,1,4,1,5
10,101,4,7,7,2,9,8,1,9,1,8,1,1,2,1,1,1,1
10,1010,8,6,1,10,1,3,1,1,1
10,103,2,10,4,4,2,10,4,3,1,3,1
10,101,4,9,4,1,4,9,5,10,1,1,1
10,104,8,5,10,5,2,1,6,1,1,1,1
10,105,7,2,1,1,1,5,10,5,2,2,1
10,1010,5,1,1,9,1,10,2,10,2
10,102,8,7,5,9,1,3,3,5,2,3,1,1,7,6,1,4,1,1,1
10,101,7,7,3,3,2,9,7,2,1,1,1
10,1010,4,6,4,5,1,4,6,4,1,1,2,1,1
10,102,1,8,7,2,8,10,2,4,1,1,1,1,1
10,1010,8,7,1,6,1,4,1,3,1
10,107,9,6,1,3,9,2,1,1,1,1,1
10,1010,1,2,5,2,3,8,9,1,1,1,1
10,104,1,10,9,3,1,2,1,1,1
10,101,2,7,3,3,4,9,1,5,2,10,4,4,1,1,1,1,1
10,1010,7,6,1,10,1,10,1,3,1,1,1
10,105,7,8,1,5,8,3,1,10,1,2,1,2,1
10,106,1,10,8,3,2,7,1,1,1
10,107,3,6,7,2,8,2,7,3,2,1,1
10,109,9,1,9,3,1,1,1,4,1,2,1
10,105,1,1,8,8,8,2,1,4,2,1,8,2,1,1,2,1,1
10,1010,3,10,5,9,1,10,1,1,1
10,109,9,1,10,4,1,3,1,1,1,1,1
10,103,2,7,3,10,6,10,1,2,1,1,1
10,103,3,6,9,6,1,4,7,1,3
10,1010,1,10,7,6,2,3,1,3,1,1,2
10,105,1,2,3,8,3,6,1,10,5,4,1,5,1
10,104,3,7,3,6,5,3,6,7,2,4,1,1,1
10,103,4,5,5,2,7,5,5,3,6,2,2,1,1,1,1
10,102,8,6,10,2,9,2,2,1,1,1,1
10,101,7,9,6,3,4,7,1,6,1,7,2
10,104,7,3,1,6,10,2,2,2,2,1,1
10,1010,8,10,1,7,1,1,1,2,1
10,104,5,6,1,10,5,6,3,5,1,1,1
10,109,9,4,1,1,10,3,1,2,1
10,108,8,2,9,7,1,6,1,4,1,1,1
10,105,2,10,7,8,1,5,2,1,1,1,1
10,1010,6,7,1,8,2,2,2,8,1,3,1,1,1,1,1
10,102,6,10,2,7,1,8,7,3,1,2,1
10,108,7,2,4,2,2,2,3,8,3,2,1
10,102,1,5,3,4,9,6,7,2,1,1,3
10,105,1,7,2,4,5,3,4,2,1,6,5,7,1,3,2,4,1
10,107,3,10,6,10,1,2,2,3,1,1,2
10,103,10,7,9,3,1,2,1,2,1
10,104,8,8,2,2,8,4,6,6,1,6,1
10,102,7,8,8,9,1,10,1,1,2,1,1
10,105,2,5,10,4,1,5,7,1,1
10,101,9,9,8,7,1,7,1,1,2,1,2,1,1
10,104,1,10,8,7,1,3,2,3,1
10,106,8,9,1,1,1,4,9,6,1
10,1010,8,6,1,9,1,1,1,4,1
10,105,4,2,8,5,2,3,7,5,6,3,1
10,105,8,5,2,9,1,5,5,10,1,5,1,1,1
10,1010,6,6,4,2,4,2,3,1,1,1,1
10,1010,8,8,2,1,1,2,1,1,1
10,109,9,7,1,1,9,1,1,2,1
10,108,6,2,5,1,3,8,3,2,2,5,1,4,1,1,1,1,1
10,108,1,4,9,1,2,6,8,4,1,1,2
10,108,6,2,6,5,3,5,3,9,1,1,1
10,1010,3,10,6,7,1,2,1,1,1
10,108,2,3,7,5,6,2,10,7,1,1,1,4,1,1,1
10,107,9,3,10,5,1,1,1,1,1
10,106,9,4,2,2,6,2,7,10,1,1,1,1,1
10,1010,6,6,3,4,2,4,2,6,1
10,105,10,4,4,5,3,5,3,1,3,1,1
10,102,2,7,10,3,4,3,4,1,1,1,1
10,107,10,1,9,2,9,2,1,1,1
10,108,9,10,1,1,8,1,8,1,1,1,1
10,109,6,1,6,10,2,9,1,10,1,1,1
10,1010,4,5,6,4,6,1,5,1,1
10,101,1,10,9,7,1,1,1,1,1
10,103,1,7,9,2,9,6,1,1,8,2,1
10,1010,7,9,2,8,1,1,2,2,1
10,102,3,5,1,2,6,8,9,5,1
10,108,2,10,8,1,1,2,1,1,1
10,1010,8,2,1,10,1,6,1,2,1
10,104,8,6,10,3,1,4,1,1,1
10,1010,1,7,5,2,9,1,9,7,3,3,1,4,1
10,108,8,2,7,2,2,5,1,7,1,2,1,1,1,2,1,1,1
10,104,3,7,7,6,3,3,5,2,2,1,1,1,1
10,1010,1,9,6,1,7,8,3,1,1,1,2,2,1
10,103,6,7,7,10,3,1,1,2,1
10,1010,6,10,3,8,1,1,1,1,1
10,1010,8,10,1,5,1,4,1,1,1
10,101,10,6,8,9,1,3,5,3,1,2,2,7,1,2,1,1,2
10,101,3,8,4,10,3,2,7,6,3,1,1,1,2
10,105,9,3,10,2,10,4,1,1,1
10,105,4,4,3,3,1,3,7,10,3,3,2,2,4
10,105,6,5,5,4,5,6,3,6,1,1,1
10,108,2,3,4,7,6,3,2,10,2,2,2
10,106,8,4,9,6,1,2,1,6,1,2,1
10,102,10,8,2,2,2,6,6,2,2,2,7,4,1,2,1
10,103,9,1,8,5,9,1,10,7,1,2,1,1,1
10,1010,7,8,3,1,1,2,1,2,1,1,1
10,1010,6,5,4,3,1,5,3,2,1
10,101,3,1,7,9,2,9,7,6,1,2,1,1,1
10,103,8,7,10,2,1,3,1,1,1
10,102,7,3,9,4,1,1,10,5,1,4,3,4,4,6,2
10,102,4,9,6,1,9,7,4,1,1
10,1010,7,1,1,10,1,4,1,1,2,5,2,3,1
10,106,5,4,10,6,4,5,1,1,1
10,108,8,2,9,5,2,3,2,2,1
10,1010,4,10,2,9,4,1,2,1,1,1,1
10,101,1,10,2,9,4,9,4,1,4,1,3
10,106,10,4,1,4,2,4,6,4,1
10,105,2,4,1,5,8,10,1,5,7,1,1
10,105,7,1,7,4,6,9,3,1,4,3,1
10,105,1,1,8,9,7,10,2,4,1
10,108,9,2,8,10,1,1,1,1,1
10,108,2,2,9,8,7,9,1,1,1
10,1010,4,10,5,7,1,1,1,1,1,1,1
10,1010,7,6,2,8,1,4,1,2,2,2,1
10,101,6,10,2,9,7,6,1,3,1,1,2
10,101,9,5,10,2,10,2,10,1,1
10,102,3,10,6,8,4,1,1,1,1
10,106,9,1,1,4,9,2,1,6,1,1,1
10,1010,9,3,1,4,1,1,1,1,1,1,1
10,107,1,3,1,10,4,10,4,9,1,1,1
10,1010,6,10,2,9,1,9,1,1,1,1,1
10,107,4,2,4,1,2,5,4,1,3,5,6,2,1,1,3,2,1,1,2
10,108,2,2,10,8,2,2,1,8,3,2,2,4,2,3,1,6,1,1,1
10,1010,5,9,2,8,2,2,2,10,1,1,2
10,105,10,5,9,3,1,1,1,1,1
10,106,3,4,10,5,6,6,1,1,6
10,101,7,8,9,10,1,1,7,2,2
10,103,9,1,8,6,8,7,1,10,1
10,102,10,7,1,8,8,3,1,5,1,1,1
10,106,9,2,1,1,5,7,1,2,5,1,3,3,4,2,2,1,3
10,105,9,5,8,9,1,5,1,1,1
10,1010,4,6,2,10,4,3,1,2,1,1,1,2,1
10,1010,9,4,1,4,1,1,1,1,1
10,103,5,4,3,6,4,7,4,8,1,4,2,2,1,2,1,1,1
10,104,7,3,3,6,5,2,2,1,1,5,5,1,1,1,1,1,1
10,1010,3,5,2,10,5,4,2,1,1,1,1
10,1010,7,10,2,2,1,7,1,1,1
10,105,1,2,5,1,8,6,5,6,2,10,2,1,6,3,2,2,1
10,1010,3,10,5,8,1,9,1,2,1
10,108,7,1,1,2,1,1,1,2,10,5,3,2,2
10,105,1,3,6,4,9,1,2,5,4,3,6
10,105,6,1,5,8,4,4,4,2,6,2,2
10,1010,6,9,1,9,2,10,1,1,1,1,1
10,103,9,1,8,6,1,3,10,3,9,1,1
10,1010,5,3,2,7,2,9,3,1,2
10,104,10,6,9,1,1,3,1,1,1
10,103,1,10,7,10,2,1,1,5,1
10,107,4,2,2,2,2,7,2,2,2,1,3,3,6,6,1,6,3
10,102,2,6,3,10,7,2,2,3,1
10,104,8,10,1,1,1,6,8,8,1
10,1010,2,2,6,8,7,9,1,1,2
10,104,4,5,1,3,2,6,9,4,4,2,1
10,105,1,7,1,3,4,10,5,7,3,3,1,1,1
10,101,1,10,3,1,1,1,1,1,2,7,7,3,5
10,1010,1,9,1,3,1,1,1,10,7,2,1,2,1,2,1
10,105,3,1,10,8,1,4,9,5,6
10,102,2,8,1,10,6,2,2,6,2,10,1,1,1
10,105,9,5,7,1,2,6,1,3,1,3,2,1,2
10,101,8,2,6,3,4,4,6,3,3,3,10,4,1
10,102,3,4,9,3,5,3,1,6,3,1,3,10,1,3,2,2,1
10,101,7,4,9,4,9,2,1,1,4,10,1,2,1,1,2
10,109,8,7,1,1,9,2,1,9,1
10,101,4,6,5,9,3,4,7,4,2,2,1
10,101,4,5,1,9,3,10,5,8,1,2,2,1,1
10,104,7,8,2,7,1,6,3,6,4,2,3
10,102,8,1,1,8,8,4,2,6,1,2,1,2,1
10,104,9,1,7,5,1,2,3,2,3,10,1,3,8,3,1,2,1
10,105,1,10,2,7,6,3,7,9,1,1,2
10,106,5,5,4,3,4,2,4,2,7,3,1,10,1,2,1
10,105,2,10,2,1,4,1,2,1,8,2,4,5,6,1,7,2,4,2,1
10,104,9,1,2,6,4,6,3,5,3,2,1,2,1
10,1010,8,1,1,1,1,10,1,5,1,2,1
10,102,10,3,10,1,5,4,4,5,4,2,1,5,1,1,1
10,102,10,7,1,3,1,8,8,2,1,3,1
10,103,2,10,1,5,5,5,3,1,1,10,4,2,1
10,1010,8,5,1,7,1,2,2,3,1
10,103,3,1,7,1,6,1,2,6,3,7,1,6,2,9,3,9,1,2,1
10,101,1,8,8,1,8,1,10,8,2
10,106,7,4,10,5,1,5,2,1,2
10,103,3,1,4,2,5,1,7,4,3,8,4,3,1,5,2,8,1,2,2
10,1010,3,1,2,9,7,1,3,1,1
10,106,1,2,2,10,4,4,3,6,2,8,3
10,105,9,8,1,4,8,1,6,5,1,2,1
10,105,5,3,10,5,5,2,8,2,1
10,109,1,4,4,5,5,10,3,10,1,1,6,2,1
10,107,2,10,6,1,4,2,4,6,2
10,109,5,1,1,2,4,7,5,1,7,1,2
10,105,1,1,3,9,8,1,5,5,1,6,1,2,1
10,102,1,2,2,10,8,7,1,3,1,1,2
10,1010,4,2,4,3,1,8,3,9,1,5,1,3,1,6,1
10,104,6,2,6,10,1,4,5,10,3,2,1
10,106,4,4,6,6,6,2,4,2,3
10,1010,1,4,6,6,5,10,3,4,1
10,102,1,5,3,2,5,5,2,1,5,6,1,8,4,2,9
10,101,10,9,9,2,1,4,1,1,1
10,107,3,3,4,1,4,9,1,9,5,7,1
10,1010,4,3,6,6,6,1,3,1,1
10,101,2,3,6,7,4,6,6,4,3,2,1
10,102,4,1,7,10,2,6,5,8,2,10,1,1,4,3,1
10,102,8,8,8,3,1,10,1,5,1
10,107,8,1,2,3,8,2,2,3,2,3,2
10,103,5,7,6,3,2,1,2,1,4,7,3,2,1,6,1
10,106,3,3,5,10,1,4,2,4,6,3,4,3,1,8,1
10,107,7,10,1,2,7,10,2,1,5
10,101,6,2,2,7,3,10,4,9,3
10,101,9,7,8,9,2,2,7,1,1
10,102,5,4,3,8,7,5,3,1,5
10,106,6,2,1,1,7,3,7,7,1,4,1,5,1,3,4,2,1,2,1
10,1010,6,5,1,10,2,9,1,4,1
10,102,2,5,2,1,1,10,8,2,1,1,1
10,107,5,5,4,10,1,1,8,2,3,2,9,1,1
10,106,8,1,9,7,1,8,1,1,10,2,8
10,103,2,1,5,1,8,8,5,9,3,6,2
10,107,4,5,3,9,1,1,7,2,3,1,3,5,2,7,2,4,1,2,1
10,102,3,10,5,8,3,10,1,8,1
10,1010,3,3,5,6,4,7,3,4,2
10,106,2,6,2,2,4,3,6,2,7,7,2,5,4
10,105,2,7,1,1,4,1,10,7,6,2,9,6,1,1,1
10,109,5,3,4,7,3,6,1,9,1,1,5
10,1010,6,9,1,10,1,9,2,1,1
10,105,5,2,6,3,9,7,2,6,1,7,2
10,105,6,1,3,7,1,5,6,8,2,8,1,3,1,1,1
10,1010,3,3,2,10,5,4,2,2,1,1,2
10,101,2,2,2,1,3,8,5,2,4,7,5,3,2
10,106,3,10,5,2,5,8,2,2,1,1,2
10,105,8,2,1,3,2,5,5,6,2,4,2,5,1
10,108,1,1,3,2,9,1,2,2,10,4,6,2,9,1,3,2,1
10,105,9,5,5,10,1,5,3,3,1
10,1010,6,8,1,3,1,7,3,2,3
10,103,2,2,5,7,5,2,7,1,5,8,1,8,2,1,1,3,1
10,108,2,2,9,4,4,3,3,7,1,4,6,8,1
10,102,5,2,2,10,4,2,2,5,6,1,6,4,1
10,106,8,4,9,1,1,7,1,3,2
10,106,1,10,6,2,3,4,2,6,1,4,1,8,1
10,1010,4,5,3,4,3,5,5,6,1
10,101,8,3,7,4,9,2,7,5,3,4,1
10,102,1,10,6,10,3,5,1,1,1
10,102,2,4,7,6,9,4,1,8,1
10,105,6,9,2,1,7,2,3,1,6,3,5,8,2
10,107,3,7,5,3,9,5,2,5,1
10,1010,8,1,1,4,1,8,1,5,1
10,101,3,9,6,4,4,1,4,3,2,3,4,3,1
10,1010,3,1,7,6,5,8,2,3,5
10,1010,2,4,7,6,7,5,1,3,1
10,1010,7,4,1,4,1,6,2,5,1,3,1
10,104,2,10,6,3,2,4,4,2,2,1,4
10,103,3,3,7,7,7,6,2,7,1
10,104,2,9,3,1,6,2,1,6,5,9,1,3,4,4,1
10,102,4,2,5,6,5,8,5,2,3,4,1
10,1010,1,8,2,1,6,9,4,6,2,2,3,6,1,3,2
10,103,7,9,1,2,3,5,3,6,3,1,9,4,3,4,2
10,102,2,8,2,2,5,2,2,6,4,4,6,7,2,1,2
10,109,6,1,1,2,2,1,2,1,5,8,2,10,1,5,1
10,109,6,1,2,9,3,10,1,1,4
10,103,3,10,6,7,2,10,1,4,1
10,101,3,7,5,2,7,8,4,9,1,2,2
10,103,4,7,1,7,9,3,3,2,2,2,1
10,103,6,2,10,3,4,5,2,3,4,2,9,3,2,1,1
10,108,6,9,3,10,1,1,3,1,9
10,108,9,5,1,2,2,2,4,2,4
10,104,5,3,7,4,2,3,2,9,3,3,5
10,105,1,4,6,7,1,1,10,2,6,6,2,3,9
10,104,9,5,7,1,6,10,1,5,2
10,106,4,8,1,5,5,4,9,1,2,2,1
10,102,5,5,1,8,5,2,4,8,3,2,2,5,1,1,1
10,101,3,4,1,8,3,6,3,2,7,6,2,6,1,4,2,4,2
10,1010,7,2,1,3,1,5,1,7,1,5,2
10,108,5,1,8,6,3,2,3,1,2,1,9,4,1,8,1,2,1
10,105,2,5,1,10,7,7,1,5,1
10,105,2,3,4,7,3,10,5,4,1
10,106,2,9,7,6,1,1,7,3,3
10,105,7,4,3,4,9,5,1,1,9
10,102,9,5,3,3,6,5,5,3,1,1,2,2,2,3,2,4,1,1,2
10,1010,7,10,1,9,1,5,1,3,1
10,104,9,9,1,1,3,5,9,1,3,1,1
10,102,9,2,1,5,8,6,1,3,7,10,1
10,103,5,7,4,9,4,1,2,10,1,3,1,3,1
10,108,5,10,2,8,2,10,1,2,3,1,3,2,1
10,107,6,9,1,3,4,2,2,10,3
10,104,8,2,5,4,8,10,2,2,1,1,1
10,106,3,3,2,7,2,7,5,3,8
10,102,8,3,7,4,9,1,6,6,2,3,1,3,1
10,108,3,10,4,9,2,9,1,2,3
10,101,6,2,6,2,6,5,6,9,2,10,1,9,1
10,102,8,4,3,8,6,5,2,4,1,7,1
10,101,1,2,4,4,5,4,2,2,2,6,8,2,4
10,106,1,6,1,1,7,9,6,10,2,4,1
10,103,4,10,1,5,5,2,3,5,8,4,1
10,105,1,2,6,8,3,3,3,7,2,9,1,3,4,4,1,2,3,2,1
10,102,5,4,3,5,2,3,9,3,4,2,10,6,1
10,104,4,1,5,8,5,6,4,9,1,1,3
10,107,5,4,2,8,2,3,6,1,1,7,1,6,1,6,1
10,109,5,1,7,10,2,9,1,7,1,9,1
10,109,4,7,3,1,9,1,4,8,3,3,1
10,108,1,9,3,3,5,6,5,3,1,1,8,6,1
10,101,3,3,3,7,3,10,1,9,6
10,1010,7,6,3,3,1,2,1,4,1
10,104,6,6,9,4,2,7,1,2,2
10,107,4,9,2,4,4,1,6,2,7,3,3,1,1,5,1
10,105,7,1,9,4,4,4,1,3,1,4,1,1,2,8,3
10,101,4,9,7,6,2,4,3,6,1
10,101,9,9,4,8,3,1,4,7,3,3,1
10,108,1,2,6,5,2,2,7,5,8,9,1,1,4
10,104,7,5,1,1,9,1,1,5,6,10,1,7,2
10,104,1,7,1,1,9,9,6,3,1,5,3,5,1
10,105,2,4,4,5,3,1,8,1,7,3,3,8,4
10,109,1,1,9,9,1,9,6,7,2,2,1
10,106,7,4,8,5,3,5,1,3,1
10,1010,2,6,3,4,8,6,2,5,3
10,102,2,3,4,7,2,4,4,7,2,3,7,7,2,2,1
10,1010,4,5,3,4,2,5,1,5,3,6,1,4,2
10,108,1,1,6,8,1,6,8,1,9,2,6,2,3
10,1010,7,10,1,3,1,6,1,8,1
10,105,9,2,10,3,3,3,7,2,1
10,102,10,3,6,4,3,3,5,1,6,2,2,4,3,3,2,3,1,1,1
10,107,2,10,5,3,5,6,1,6,2
10,107,1,8,7,2,9,10,1,6,1
10,103,6,2,2,4,1,4,2,1,7,6,3,7,2,6,4
10,103,6,4,1,7,7,5,2,10,1,2,2,1,2
10,107,1,2,5,7,2,1,6,8,4,1,8,8,2,4,1
10,106,1,1,2,3,3,2,4,10,3,1,3,6,2,8,2,1,7,4,1
10,104,5,10,5,3,5,2,4,1,4
10,104,4,5,4,8,3,2,1,2,4,10,1,8,2,1,1
10,102,1,2,2,6,7,3,6,4,1,7,2,1,6,7,1
10,105,2,3,8,5,1,7,7,9,1
10,101,4,8,2,2,1,2,7,4,4,9,1,1,2,10,2,4,2,6,1
10,109,1,2,1,10,6,10,1,8,2
10,102,3,5,6,2,10,8,4,3,3
10,104,4,6,10,4,3,3,1,3,2
10,108,1,5,2,4,6,1,7,4,3,10,1,5,5
10,107,8,10,1,3,7,5,1,2,2
10,103,6,2,3,9,1,1,5,5,8,10,1,5,1,3,1
10,104,2,2,4,7,4,4,2,3,8,5,4
10,106,3,3,3,4,4,10,4,6,1,4,1,3,1
10,105,5,5,3,5,9,8,1,3,1
10,104,3,5,2,3,6,3,1,1,9,3,7,1,9,2,2,5,2
10,101,2,4,9,5,3,6,7,1,1
10,102,10,5,5,1,5,2,4,8,4,6,1
10,103,9,3,2,7,6,9,1,4,3
10,101,7,7,1,6,6,7,2,10,1,1,1,3,7
10,104,5,6,6,1,2,4,5,3,2,6,2
10,107,2,7,1,3,9,7,6,6,1
10,101,6,3,2,3,3,4,3,8,2,1,3,8,5,1,4
10,103,8,9,2,3,5,4,4,3,2,2,4,2,2,5,1
10,105,5,3,2,5,7,5,5,5,1
10,108,4,9,2,4,2,2,5,4,4,6,2
10,102,4,5,2,2,5,5,9,3,2,7,1,5,2
10,103,3,1,6,1,10,6,5,4,1,8,3,4,1,2,3,3,1
10,107,8,3,7,5,1,4,2,6,1
10,104,9,5,7,6,2,1,4,9,1
10,102,4,1,4,8,9,1,3,9,1
10,106,3,2,5,2,7,8,4,10,1,4,1,8,1
10,108,5,2,5,10,3,9,1,7,1
10,103,8,2,1,4,8,3,2,10,1,3,4,10,1
10,102,10,2,3,1,3,8,7,3,1,4,2
10,108,6,1,3,9,3,8,1,2,5
10,105,1,7,6,10,3,2,3,3,2,5,1,2,1
10,103,8,5,5,2,9,4,4,9,1,4,1
10,103,5,7,6,6,1,7,3,3,4
10,101,3,7,1,1,5,3,3,8,4,6,5,2,1,1,8
10,103,6,5,8,3,2,2,4,5,4,4,1
10,1010,1,3,1,2,5,2,4,8,1,6,1,9,3,6,4
10,109,1,3,4,3,4,7,3,7,6
10,105,1,5,5,5,4,5,6,4,1,4,3
10,101,4,3,6,5,6,2,2,7,4,2,6
10,1010,2,10,4,4,1,9,3,5,1
10,106,9,2,2,4,7,9,1,1,1
10,104,3,3,4,7,4,7,2,3,10
10,101,1,8,7,9,2,4,1,2,6,5,1
10,106,5,9,3,3,1,10,2,4,2,4,2
10,104,4,4,2,5,7,1,3,2,3,9,1,3,2,4,2,3,1,1,2
10,105,5,1,6,3,6,9,3,9,1,7,1,1,4
10,101,5,2,6,10,1,3,9,4,7,7,2
10,1010,4,10,1,9,3,10,1,9,1
10,103,2,5,8,3,5,2,4,3,2,7,1,8,1,1,4,2,1
10,107,1,10,5,10,3,5,1,2,2
10,101,2,8,8,2,1,2,4,10,2
10,106,7,2,2,4,9,8,1,5,1,1,1
10,1010,6,2,2,7,3,8,1,3,1
10,105,4,6,4,10,1,3,7,1,2,4,2,1,7,4,1
10,101,4,2,4,7,5,10,3,8,1,2,2,7,1
10,104,4,2,4,4,3,9,1,4,5,1,1,6,2,6,3
10,105,10,2,1,1,3,2,10,3,7
10,107,4,10,4,2,5,4,1,6,2,2,1
10,105,3,7,2,3,7,2,4,7,4,10,1
10,107,3,2,10,1,5,7,6,8,1
10,101,1,1,1,7,7,8,3,3,7
10,102,2,1,8,9,6,4,2,3,4,5,2
10,107,3,10,5,3,5,4,2,1,2
10,102,6,1,7,2,3,7,10,1,1
10,109,2,10,3,9,3,1,4,7,1,10,1
10,103,7,7,4,6,2,3,1,1,6,3,2,5,4
10,105,4,9,2,5,5,4,3,6,3,1,3
10,109,3,4,3,1,4,3,1,5,6,5,4
10,105,5,4,5,4,2,5,5,6,3
10,103,4,10,2,10,1,6,4,8,2,1,4,10,1
10,101,10,1,2,1,4,8,4,8,6
10,106,5,1,4,2,3,7,3,2,10,5,1,8,1,2,1
10,103,6,2,4,4,3,1,3,5,10,1,5
10,105,4,4,6,1,4,2,6,4,9
10,104,3,2,8,8,7,6,1,1,1,4,1,1,1
10,101,9,7,1,8,4,1,6,1,2,9,4,4,1
10,106,3,10,4,4,2,4,5,10,1
10,101,10,4,9,1,5,4,9,1,1,8,1
10,1010,4,9,4,1,2,3,1,1,2,5,1,8,1
10,107,7,1,9,2,2,2,6,6,2,10,1
10,1010,7,6,1,8,1,3,2,6,1
10,101,1,9,3,8,3,1,4,10,4
10,106,4,7,6,3,8,3,1,3,1
10,105,10,2,6,5,1,5,2,1,4,1,3,2,6
10,104,10,2,5,4,6,6,3,4,1
10,102,3,5,3,4,9,5,1,6,3,4,4
10,108,2,8,7,2,1,8,1,2,7
10,103,1,3,3,1,1,7,3,7,1,5,1,10,5
10,106,7,8,2,4,2,2,5,10,1,2,5
10,105,3,5,7,5,6,3,3,7,1
10,108,5,5,4,2,4,5,4,8,1
10,1010,2,6,1,8,3,9,4,1,7,1,3
10,101,9,2,3,1,2,8,7,7,3,2,1
10,108,4,6,1,5,5,5,5,2,4
10,107,10,3,3,3,4,3,1,1,2
10,104,9,2,9,1,2,4,8,8,1
10,106,7,3,4,6,1,8,1,2,6,1,5,8,1,1,3
10,101,5,4,5,8,1,9,2,1,8,4,5,7,1,10,1
10,1010,7,6,1,2,3,8,1,6,1
10,109,3,1,3,9,1,10,3,9,3
10,102,6,8,7,8,2,4,1,2,4
10,1010,6,5,2,5,3,10,1,1,1
10,103,9,7,5,6,4,3,1,7,1
10,108,5,4,1,7,1,1,3,6,3,2,9,3,2
10,103,3,6,10,1,6,3,3,3,4
10,108,4,10,4,7,1,5,1,2,6
10,109,6,1,8,1,1,6,3,2,4,7,1
10,109,8,1,6,5,1,3,2,7,1
10,105,4,2,3,5,1,10,4,3,3,8,2
10,106,2,4,6,2,8,4,7,4,4
10,107,1,5,1,4,7,6,6,9,2,2,1
10,104,1,3,9,7,7,8,1,2,1,2,2,2,1
10,102,7,3,6,4,10,1,9,4,3,3,1
10,102,5,8,7,10,1,8,1,9,1,1,3
10,105,1,4,4,5,3,10,2,10,4
10,103,5,6,6,9,3,1,5,3,1,7,1,1,3
10,108,5,9,2,1,6,2,2,5,1,3,2,10,1,7,1
10,109,5,5,4,1,6,4,3,10,1,3,1
10,101,6,3,2,4,4,7,2,9,1,2,8,7,1,6,2,1,9
10,109,1,10,3,5,2,9,1,3,1,6,3,4,4
10,101,5,8,1,2,3,8,7,9,2,2,1
10,102,6,7,6,10,3,10,1,1,1
10,105,5,3,2,4,1,6,3,1,8,3,8,4,1,6,1
10,108,3,1,4,9,2,10,4,9,1
10,1010,5,6,1,10,1,10,2,9,1
10,106,2,3,8,1,3,7,7,7,1
10,109,1,2,4,4,5,2,2,1,3,6,8,3,1
10,104,1,10,6,10,2,5,1,3,2
10,109,5,10,3,10,1,1,3,7,1
10,106,5,4,3,8,2,1,3,10,1,2,3,9,2
10,103,7,3,7,4,4,2,4,7,2,1,6,1,3,6,1
10,102,8,1,3,6,9,2,6,8,1,1,2
10,103,7,3,5,4,9,5,2,3,2,7,1
10,104,7,3,4,6,4,2,1,7,3,4,2
10,102,6,3,1,3,7,4,9,5,1,6,3
10,105,2,1,9,4,1,6,5,8,3,3,6
10,103,3,8,4,6,3,10,1,1,8,8,2,1,2
10,104,3,7,4,3,7,3,3,5,3,5,2
10,106,5,2,7,6,4,3,1,2,7,10,1
10,103,2,4,2,10,2,1,1,2,6,6,2,4,1,8,4
10,102,6,6,4,4,1,1,9,2,2,7,6
10,1010,5,8,3,7,1,2,2,10,1
10,103,6,3,4,2,6,4,1,4,7,7,3
10,101,7,8,4,9,3,10,2,2,1,7,1
10,102,3,5,8,5,6,3,3,10,1
10,108,4,10,1,1,3,1,6,7,2,10,3
10,109,3,6,3,3,1,1,10,3,3,4,2,5,4
10,102,3,3,1,10,1,9,3,10,1,8,4,7,1
10,104,6,4,4,1,5,3,3,4,1,2,2,2,3,9,3
10,104,8,5,2,4,10,1,1,2,5,2,1
10,108,3,5,2,5,1,2,4,1,2,10,1,9,4
10,104,1,2,9,8,6,8,3,1,1
10,101,2,7,4,8,1,7,1,10,2,2,6,9,1,9,1
10,102,3,6,6,1,6,8,3,8,1,4,2,1,7
10,104,6,6,8,8,1,4,1,8,1,3,1
10,107,7,3,7,4,2,9,1,4,2
10,108,5,9,3,10,1,10,1,2,4
10,102,1,1,4,1,9,8,1,4,3,5,9,3,5
10,109,1,10,4,1,2,1,5,10,1,1,1,7,1,7,3
10,102,2,10,7,5,1,3,2,10,1
10,103,2,4,8,9,2,6,4,3,2,6,1,3,1
10,102,5,8,2,3,3,2,1,7,7,3,1,2,3
10,106,8,2,7,2,8,8,1,7,1,2,1
10,101,1,10,1,6,6,9,2,10,1,4,5
10,102,3,3,2,9,4,8,3,7,2,9,1
10,102,1,2,10,6,3,8,6,7,1
10,102,7,7,5,8,5,3,1,3,1
10,101,5,2,6,10,2,8,2,7,2,10,1,6,3
10,106,2,10,4,9,4,3,1,4,1
10,106,1,1,10,3,8,4,9,1,4,2,6,3,1
10,101,6,1,1,8,10,2,3,1,2
10,101,9,5,9,3,1,4,7,10,1
10,102,3,5,4,3,3,3,10,3,6,4,3
10,101,2,4,3,2,2,6,3,8,3,10,2,7,2,1,1
10,103,3,5,3,6,1,9,6,1,7,2,2
10,104,4,9,2,8,1,10,2,3,1,6,5
10,107,6,3,10,6,1,5,3,1,2
10,103,8,6,6,6,1,7,1,2,2,5,2,4,2
10,107,3,2,3,8,6,2,7,6,1
10,108,5,1,9,6,1,1,4,9,4
10,102,7,5,9,2,8,3,1,5,1,9,1,1,3
10,106,2,3,7,3,8,4,7,10,1
10,104,5,5,7,6,3,5,2,4,3
10,104,3,1,5,6,3,3,1,6,3,9,2,2,3,8,1,7,1
10,101,3,8,9,2,4,2,2,8,1
10,102,4,5,5,7,4,2,2,3,6,2,1,10,1
10,101,7,2,5,2,6,5,8,3,4,7,2
10,102,5,7,3,1,10,2,9,6,1,3,7,1,4,1,5
10,102,3,8,2,3,7,2,6,5,8
10,109,5,8,3,8,2,1,6,1,4
10,101,2,2,3,7,1,10,7,8,1,2,1
10,105,7,3,3,6,2,1,6,5,4,1,4,9,1
10,1010,5,3,1,10,3,4,1,8,1
10,108,4,1,3,5,3,2,3,3,3,10,3
10,109,1,6,7,4,6,4,2,1,2,10,1
10,104,3,4,2,5,5,2,4,3,10,1,2,1,10
10,104,9,2,8,2,3,10,1,3,1,4,6
10,103,2,2,3,1,5,5,1,3,3,8,2,4,5,2,5,2,9
10,104,6,6,3,6,4,5,1,8,1,3,3,7,1
10,1010,1,10,4,1,1,7,1,3,3,7,4
10,1010,4,10,3,7,1,4,1,5,1,9,1
10,104,3,3,8,2,2,4,1,1,5,2,7,10,1,7,2,8,1
10,105,4,5,3,6,5,4,5,2,2,6,1
10,103,2,2,7,7,4,1,4,4,5,6,2,10,1,1,1
10,109,6,1,5,6,4,4,2,3,1,1,1
10,108,1,8,2,1,8,9,6,9,1
10,108,5,6,4,8,1,1,8,1,6,2,3,3,1
10,104,1,9,1,5,3,8,5,1,5,2,3,6,1,1,10
10,101,8,4,6,4,8,5,2,7,1,1,8,6,1
10,102,9,2,3,3,1,6,8,1,4,8,2
10,104,8,5,7,10,2,5,1,1,3
10,104,9,1,5,5,3,5,6,9,1
10,103,9,8,1,1,1,5,1,7,3,7,3,6,2
10,109,4,10,2,9,1,10,2,10,1
10,108,2,3,7,7,6,4,1,6,2
10,107,5,2,5,2,1,2,9,6,5
10,102,3,8,7,9,2,1,7,8,1
10,108,5,2,1,7,2,8,2,2,7,9,1
10,101,1,3,5,10,3,4,4,7,3,4,1,2,4
10,103,3,9,1,3,1,3,6,7,8
10,101,5,9,4,1,7,8,4,4,1,8,1,3,1
10,108,7,7,2,1,6,1,7,10,1,2,1
10,102,4,1,6,2,1,8,3,4,5,5,4,5,3
10,101,2,3,5,4,1,6,4,10,5
10,1010,6,3,1,6,1,7,2,6,1,3,2
10,101,8,1,3,8,6,8,2,10,2
10,102,5,2,1,4,6,5,3,4,7,10,1,3,2
10,104,2,8,6,2,7,9,1,10,1,3,2
10,101,9,7,7,2,9,5,1,7,1,3,2
10,101,5,3,6,2,10,2,4,4,7,5,3
10,101,5,9,6,10,1,8,2,9,1
10,102,10,1,5,7,3,6,4,8,3
10,106,3,2,10,2,8,6,5,5,2
10,104,5,6,5,9,3,7,1,10,1
10,105,10,4,4,1,4,3,6,2,3
10,101,9,10,1,8,6,3,2,6,2,1,3,5,1,1,1
10,102,7,6,3,3,5,5,7,3,4
10,109,6,6,1,5,2,1,3,4,3,9,1
10,101,8,7,3,9,4,10,2,9,1
10,102,2,2,1,2,4,8,9,2,4
10,102,5,8,3,3,3,3,4,2,2,5,7
10,105,4,3,1,4,3,3,6,1,6,9,3,2,4
10,102,4,8,4,1,8,7,4,9,2
10,102,8,7,8,1,2,4,1,9,1,5,1,1,2
10,107,2,7,6,3,7,3,1,7,2
10,105,1,2,4,4,4,3,5,10,5
10,1010,3,1,6,4,3,8,1,8,2,10,1,4,3
10,103,6,10,2,7,5,4,3,3,1,4,1,2,1
10,1010,5,8,3,1,5,9,1,6,1
10,102,2,3,4,3,3,5,2,7,7,10,1
10,102,10,5,3,2,6,5,3,8,3,8,1
10,101,6,2,2,1,10,3,1,5,7,5,3,3,6,3,1
10,1010,1,1,3,3,2,3,7,6,9
10,107,5,1,10,2,7,7,2,4,1,1,3,1,4,5,2
10,103,8,5,8,2,2,10,2,2,3
10,108,4,2,3,1,2,1,7,3,2,8,3,5,2,7,1
10,103,3,2,6,1,4,3,1,8,3,7,6
10,104,2,9,2,5,3,6,4,4,4,1,5,8,1
10,103,5,10,2,1,6,3,7,3,7,6,1,5,1
10,101,8,6,3,3,4,8,5,6,2,4,1
10,109,3,6,4,1,7,4,2,3,4,3,3,7,1
10,101,2,1,4,6,1,3,2,1,7,5,3,4,3,6,4,2,4,10,1
10,104,4,6,5,2,2,9,4,8,1
10,109,3,2,1,1,9,3,1,8,3,8,3,5,1
10,106,1,10,6,9,2,1,2,4,2
10,107,4,1,9,2,6,7,4,7,1,10,1
10,103,7,7,5,5,4,8,1,5,2
10,103,3,1,6,7,1,9,6,6,3
10,102,3,9,6,2,2,6,2,3,2,7,1,5,1
10,106,2,1,1,4,3,8,3,10,2,2,5,7,1,8,1
10,102,2,8,1,2,6,3,3,3,7,10,2,2,3,7,1,7,1
10,106,4,2,7,3,4,2,7,6,2,3,6
10,104,2,2,8,5,2,1,4,5,4,1,2,2,5,8,3
10,102,6,10,3,1,5,7,6,5,1
10,107,2,3,6,7,4,4,1,7,3,3,3
10,1010,7,10,1,9,1,2,1,3,1
10,1010,3,1,1,7,5,3,7,7,1
10,108,5,4,1,2,3,1,9,1,9,3,2,9,1,7,1,4,1
10,107,2,3,8,2,3,4,1,3,6,7,4
10,103,9,7,2,4,3,5,1,3,8,4,3
10,109,5,1,2,10,3,1,1,10,1,6,1
10,105,8,1,2,4,6,6,2,4,4
10,104,2,10,7,1,3,4,3,1,1
10,105,2,4,4,6,5,3,8,1,7,7,1
10,109,4,2,5,7,4,1,5,8,1,7,1
10,108,2,6,2,4,1,4,5,10,3,6,2
10,1010,1,4,2,3,6,7,3,7,1,6,4,6,1
10,104,7,6,1,3,1,5,5,2,2,5,2,10,1,8,1
10,1010,1,2,2,6,4,10,5,3,1,3,1
10,106,2,7,5,9,3,3,6,1,1,1,1
10,104,3,2,6,4,4,10,3,8,1,7,1,9,1
10,109,3,4,5,1,10,5,6,2,2,3,1
10,1010,4,7,1,9,1,7,1,2,1,9,1,10,1,10,1
10,1010,1,3,2,2,5,10,1,7,4,7,3,9,1
10,102,1,4,6,2,4,4,5,10,4
10,108,6,2,9,7,2,1,2,6,2
10,107,7,2,5,10,2,9,1,3,2
10,102,3,1,8,7,5,5,3,10,1,10,1,4,1,2,3
10,102,5,1,3,4,5,7,3,4,3,2,5,4,2,3,2,2,1,2,1
10,102,3,9,6,7,3,1,1,9,1,1,3
10,102,9,2,9,5,8,5,1,1,3,5,2
10,1010,7,3,1,6,1,2,1,7,1,6,1
10,102,2,2,3,6,1,6,4,3,10,4,4,1,8
10,101,10,5,8,2,9,6,1,1,7,2,1,1,2,9,1
10,104,5,4,8,2,5,6,4,8,1
10,106,1,2,1,9,5,1,3,10,2,9,1,9,1
10,102,1,10,2,4,4,2,1,6,4,9,2,6,2
10,101,3,7,10,3,3,2,5,2,1
10,104,6,2,8,2,3,4,8,8,2
10,106,1,7,6,3,6,10,2,8,1
10,103,3,6,4,5,5,2,9,4,1,2,2,8,1,2,1
10,104,2,2,6,9,4,3,3,6,2,5,1,2,2,8,1
10,101,4,6,2,4,4,3,1,9,2,10,1,6,4,7,1
10,108,6,2,4,1,2,1,4,8,4
10,106,8,5,1,4,8,8,1,1,1
10,107,6,8,3,1,9,1,10,9,1
10,101,4,2,1,7,2,2,5,8,8
10,102,10,4,4,3,4,8,4,7,2
10,104,4,2,3,4,2,8,1,5,8,1,2,3,2,8,1
10,102,10,1,4,5,2,4,7,3,8,4,2
10,107,8,3,7,7,1,7,1,3,1
10,102,2,1,6,1,4,5,3,4,5,9,5
10,101,6,10,4,9,1,9,4,3,1
10,106,5,2,7,8,4,2,3,4,3
10,106,4,9,5,1,8,3,3,8,1
10,105,8,1,5,2,3,7,1,4,7,8,1
10,103,7,7,8,1,2,5,1,10,1
10,1010,5,10,1,4,2,5,4,3,2
10,101,8,4,7,3,5,1,4,9,3,6,2
10,103,6,4,3,3,4,10,3,8,1,7,1,7,1
10,102,7,9,3,1,6,8,1,7,1,7,3,7,1,1,4
10,109,4,4,6,6,4,1,3,4,1,1,3
10,108,4,4,5,2,7,4,1,4,6
10,106,2,10,2,1,2,10,4,10,2
10,108,3,8,4,1,1,2,7,10,1,9,1,4,1
10,106,5,3,1,1,8,8,5,1,5,1,7,1,1
10,109,5,10,2,2,3,8,2,7,1
10,105,5,8,1,1,10,3,7,1,2,4,1,6,1,9,2
10,101,4,3,1,4,5,8,3,5,5,2,3,8,1,4,1
10,106,1,2,4,9,6,2,1,8,3
10,106,5,3,7,10,2,9,1,7,2
10,108,7,9,1,3,1,2,6,4,2,1,1,5,1
10,101,6,4,9,4,6,6,3,10,1
10,101,6,2,2,2,2,8,9,8,1
10,102,8,2,8,6,7,7,2,2,3
10,108,6,5,3,2,6,9,1,5,2
10,103,8,7,4,10,2,6,3,4,1
10,109,3,1,4,7,6,9,1,3,4
10,103,4,6,4,6,4,2,4,9,2,1,1,1,7
10,105,3,5,5,2,4,8,5,2,3
10,106,8,5,2,2,6,4,2,1,8,4,2
10,101,8,4,7,1,8,4,1,2,4,2,6,4,4,5,2
10,108,6,5,4,2,3,1,4,4,4
10,108,2,7,8,2,5,1,3,1,8
10,109,5,3,2,7,5,2,1,1,5
10,103,2,10,4,9,1,9,2,8,1,6,2
10,101,3,2,7,2,9,4,6,1,9,1,6,3,2,3,1,5,2
10,106,5,7,1,1,4,9,4,2,5,1,6
10,109,4,1,5,8,6,2,1,2,1
10,103,9,7,5,10,1,6,1,5,2,5,1
10,102,6,5,3,2,7,5,10,2,1
10,107,10,1,4,1,4,2,4,1,7
10,104,8,10,2,5,4,6,1,1,6,3,1,2,3
10,103,3,4,9,6,6,10,1,1,2
10,102,8,10,2,4,5,2,1,3,2,7,1,1,8,7,2
10,108,9,4,1,1,3,5,1,1,9
10,103,8,6,6,1,4,8,1,7,3
10,106,3,9,3,8,4,1,4,4,3
10,102,3,6,7,2,10,2,2,7,3
10,102,1,9,2,7,6,8,2,3,5
10,102,10,8,3,5,1,8,5,4,1
10,103,2,7,8,3,3,3,4,10,1
10,1010,1,7,8,1,9,2,4,9,1,1,1
10,105,3,7,7,3,5,1,3,2,4,1,3
10,104,5,3,9,6,1,3,6,6,1,6,2,2,2
10,103,1,2,2,6,10,1,8,2,9
10,102,3,6,4,4,3,8,3,10,2,7,1
10,108,1,2,9,1,1,5,9,2,6,3,3
10,102,5,2,4,10,1,8,6,5,3,2,1
10,101,9,5,2,1,2,4,5,4,7,8,3
10,108,1,9,2,1,5,2,5,3,2,6,6,10,1
10,103,9,5,5,2,4,2,2,5,4,9,1
10,103,4,10,5,6,1,8,1,7,2,3,1
10,103,6,9,3,6,3,7,3,9,1
10,104,1,9,6,6,4,3,1,1,8
10,102,6,1,8,8,3,5,1,7,5,9,1
10,108,2,7,6,2,9,9,1,8,1
10,106,5,3,10,1,4,4,5,3,3
10,103,9,4,3,5,6,2,2,10,1,2,5
10,104,2,5,2,7,6,3,6,5,3
10,102,9,2,9,2,9,7,1,2,10,2,6
10,109,2,3,7,6,4,3,1,3,1,7,3,1,3
10,103,2,2,1,10,4,1,6,4,6,5,3
10,102,2,7,4,8,4,9,1,9,1,1,1,2,5
10,103,2,9,2,5,5,10,3,2,1,4,3
10,104,1,4,1,4,6,6,7,10,1,1,3,6,1
10,109,5,6,1,9,1,7,2,7,1,3,4
10,103,1,5,3,9,7,5,1,1,7
10,103,7,6,7,1,5,9,1,8,2
10,101,4,8,1,2,2,7,4,2,8,8,3,9,1
10,105,4,5,6,9,4,3,1,2,2
10,105,8,3,10,2,6,2,4,3,1
10,108,7,2,9,6,2,6,1,1,1
10,103,7,1,6,1,6,3,4,3,1,3,9,6,3
10,101,10,4,3,5,3,3,5,5,5,9,1,7,1
10,102,9,8,2,6,8,3,1,1,8
10,102,4,2,3,3,2,6,5,5,1,8,2,4,2,2,7
10,108,3,6,6,2,10,2,5,3,1
10,109,7,3,2,10,1,7,1,7,1
10,105,1,1,2,3,7,3,2,1,3,7,5,7,3
10,104,2,6,7,2,7,2,2,7,1,8,1,10,1
10,108,6,2,5,9,2,3,1,7,2
10,108,2,5,4,5,3,5,8,2,1
10,106,6,2,4,9,1,10,3,1,6,1,4
10,102,3,8,5,1,3,2,5,6,4,10,1
10,101,4,7,3,4,1,3,6,7,6,4,1
10,104,8,3,4,2,3,4,4,9,2,1,9
10,105,5,5,6,6,1,10,2,8,1,2,2
10,101,3,8,3,3,5,2,5,2,6,3,3,2,3,7,2
10,103,6,2,2,5,9,2,9,8,1
10,104,3,6,7,9,1,4,3,4,2,10,1
10,108,6,4,3,1,4,2,3,2,7,9,1
10,108,5,8,1,9,1,1,5,1,9,7,2,8,1
10,104,5,1,9,8,5,5,4,4,1
10,103,9,5,5,2,10,5,2,2,3,5,1
10,108,2,2,1,1,3,2,2,1,4,8,3,10,4
10,101,5,8,8,1,7,1,3,5,1,9,1
10,108,3,2,4,6,5,5,2,3,7
10,107,2,7,1,2,2,1,8,10,2,4,1,9,4
10,106,2,2,1,10,3,6,1,6,4,2,6,1,7
10,103,9,6,2,5,6,2,8,4,2
10,102,5,4,5,4,4,3,2,2,1,7,3,9,1,9,1
10,1010,4,6,3,9,2,3,3,8,1
10,103,7,5,7,1,7,1,1,10,1,4,1,5,2,5,1
10,101,8,5,5,4,1,2,3,2,1,1,8,10,1,7,3,3,3
10,106,2,1,5,10,5,9,2,8,1
10,106,1,4,9,3,5,3,10,3,2
10,108,6,8,4,1,3,1,4,2,1,2,1,1,2
10,105,3,4,3,5,7,8,2,9,1,2,3
10,102,9,8,6,7,1,7,2,6,1
10,104,2,8,1,3,4,7,2,10,4,4,1,7,1
10,103,4,7,5,3,1,10,3,8,1,5,1
10,109,2,2,4,8,5,3,3,6,3
10,104,2,2,3,4,2,1,7,3,2,9,6,2,2
10,102,5,7,4,2,3,8,5,9,1
10,107,2,8,5,1,5,10,3,1,4
10,104,5,5,8,2,3,3,3,9,2
10,104,1,6,4,4,8,2,6,3,4,1,2,7,1
10,108,4,4,5,1,8,1,3,5,6
10,108,1,5,1,4,2,7,4,2,5,1,4,10,3
10,105,2,7,7,1,5,3,4,5,1,2,6
10,103,3,3,7,1,4,5,6,2,9,1,4,7,1
10,101,10,8,8,1,4,8,1,7,1
10,102,5,7,3,1,9,9,5,8,1
10,102,3,6,7,2,5,2,9,2,4,3,3
10,108,2,4,4,5,8,3,2,1,7,4,2
10,101,4,10,1,2,4,6,8,5,1,2,9
10,107,7,3,6,6,1,8,2,4,1
10,107,4,5,4,3,7,10,2,4,1
10,101,7,3,8,1,1,4,7,2,7,3,2,4,1,9,1
10,104,6,4,10,3,4,1,9,1,8
10,101,6,6,10,2,6,3,3,1,6
10,108,1,1,2,10,7,7,1,2,3
10,107,3,10,4,2,2,10,1,8,1,10,1
10,104,5,3,3,4,5,6,1,7,2,3,2,8,1,2,3,4,1
10,106,3,3,5,2,2,4,2,7,4,10,2
10,102,3,10,1,2,6,10,3,6,5,5,1
10,106,2,3,1,7,4,4,2,3,6,3,8
10,106,3,1,5,1,2,10,5,2,1,8,2
10,104,4,3,5,6,2,7,3,3,3,4,1,7,1,9,1
10,1010,3,10,3,4,4,5,1,4,3
10,108,1,3,7,1,2,7,6,2,1,10,1,4,2
10,101,8,6,2,1,1,9,7,9,1
10,105,7,2,5,3,10,2,2,7,2
10,101,4,3,3,3,1,6,10,4,3,1,5
10,104,3,6,3,8,6,1,5,7,1,3,1
10,107,5,1,3,3,7,4,4,3,1,5,3
10,109,3,4,4,4,1,5,1,1,5,6,6
10,102,1,5,3,3,4,7,1,7,4,1,1,2,8,6,2
10,102,8,8,5,7,2,7,1,3,2,10,1
10,106,3,1,5,2,10,2,10,5,6
10,105,6,1,8,3,6,9,4,1,1
10,103,5,8,4,4,5,6,1,2,10
10,104,1,10,4,6,2,6,2,3,3,4,4
10,107,1,4,9,5,4,6,4,6,1
10,108,8,1,8,6,2,1,1,1,8
10,109,7,10,1,4,1,10,1,6,1
10,103,6,4,6,2,10,8,3,7,1
10,108,5,1,9,2,4,3,3,4,5,1,7
10,103,9,2,2,9,1,7,7,4,1
10,101,7,3,9,5,6,6,4,5,1
10,106,5,4,8,9,1,7,1,5,3
10,107,4,5,6,3,9,4,1,2,2
10,101,1,6,9,3,10,2,1,1,6
10,103,4,7,6,3,1,5,4,4,4
10,108,4,2,3,1,1,6,6,2,9
10,101,8,5,6,9,3,4,2,4,5
10,108,5,1,6,9,4,2,3,5,1
10,103,3,5,4,2,5,1,4,5,1,9,4,9,1
10,103,5,5,2,3,4,4,9,5,2,6,1,4,1
10,102,9,2,5,7,4,4,4,1,9,9,1,3,1
10,101,5,7,2,8,6,1,9,7,1,10,1
10,106,8,1,2,3,4,4,6,7,1
10,104,4,4,3,6,4,9,2,1,3,5,4
10,1010,5,1,4,7,4,3,1,7,1
10,104,4,4,2,5,5,5,3,9,2,10,1
10,104,1,3,3,8,2,8,5,2,3,5,2,1,7
10,107,1,2,3,3,7,8,2,1,3,5,6,9,1
10,104,2,9,5,6,1,9,3,6,1
10,101,6,3,4,4,2,10,1,4,4,3,5,5,5
10,102,10,4,1,1,1,3,9,4,10
10,104,4,6,8,2,3,2,5,6,2
10,104,5,4,4,6,5,4,4,5,2
10,104,2,7,2,10,5,8,1,3,4
10,102,3,3,5,3,7,2,2,4,9,2,5
10,101,6,1,6,2,2,5,1,7,8,10,1,5,1
10,108,2,7,5,3,7,5,3,5,1
10,104,9,3,5,9,1,5,4,3,4
10,102,4,2,3,1,8,5,5,6,5,3,5
10,103,3,3,4,9,5,4,3,5,2,4,1
10,105,9,1,8,10,1,3,7,3,2,1,2
10,106,1,9,4,9,4,1,5,9,1
10,101,9,5,5,7,4,4,5,10,1
10,101,5,9,7,9,1,8,1,7,1
10,102,7,3,1,6,7,7,2,2,5,9,1
10,109,2,1,6,9,5,7,2,2,2,5,1
10,103,3,2,4,5,1,4,3,4,2,2,10,2,7,8,1,4,2
10,103,2,7,6,9,3,3,3,8,1
10,108,3,3,6,6,1,2,4,6,6
10,105,3,3,2,7,1,1,2,4,7,6,4,10,1
10,103,5,1,3,3,6,3,3,3,9,6,2,1,8
10,101,5,5,5,8,4,5,4,10,1
10,101,8,1,4,6,4,9,2,10,2,2,2,8,1,1,1,5,1
10,105,3,1,8,7,6,9,1,2,9
10,108,3,10,2,7,1,2,3,8,1,6,2,2,5,5,1
10,105,7,2,2,3,8,8,1,2,3,5,2,5,1
10,102,2,4,4,3,3,1,3,6,10
10,1010,1,5,1,9,7,5,1,9,1
10,1010,2,3,5,1,1,1,7,6,5,10,1,9,1
10,107,6,4,2,3,8,6,1,4,3
10,101,4,8,1,6,2,9,5,2,3,5,2,1,7
10,102,3,1,2,7,10,2,6,1,2
10,104,1,10,5,10,2,6,2,2,3
10,106,2,4,1,9,7,4,2,5,1
10,109,5,8,3,2,3,7,1,10,1
10,102,5,2,1,3,5,4,6,4,5,7,1,7,2
10,102,1,4,7,10,2,2,1,5,8
10,1010,3,10,1,8,5,2,1,10,1
10,103,5,4,4,2,9,3,6,5,4,1,5
10,1010,3,6,3,3,3,8,3,7,1,1,4
10,103,3,1,7,8,1,7,2,9,4,9,2
10,101,9,8,4,1,8,5,4,3,2,4,2,9,1
10,101,3,8,5,2,8,3,3,9,1,3,1,4,2,4,1
10,105,4,5,1,4,3,7,3,9,2,5,2,3,2
10,106,4,4,2,8,1,1,7,8,5,1,5
10,102,2,1,2,3,5,10,5,7,3
10,103,7,4,1,4,8,2,8,4,2,7,1,2,2
10,103,1,2,2,3,1,9,4,10,3,3,2,10,1
10,102,3,1,4,3,1,5,4,5,1,7,4,4,6,2,1
10,101,2,1,7,9,5,7,4,10,1
10,103,7,3,1,6,6,10,1,6,2,10,1
10,101,2,1,6,6,5,2,6,7,4,4,3,2,1
10,105,2,8,8,2,1,5,1,1,8,3,1
10,104,5,1,3,10,3,6,3,9,1,2,1,5,2
10,107,5,3,7,5,5,5,1,3,2
10,101,7,2,1,9,7,6,1,7,2
10,109,2,3,4,6,1,3,2,5,1,6,2,1,6,1,9,9,2
10,109,2,4,4,10,4,2,3,3,4
10,102,3,6,4,10,5,8,1,4,1
10,1010,3,7,1,4,3,5,3,9,2,10,1
10,103,2,4,3,3,5,5,2,7,3,7,4
10,104,6,5,6,10,2,9,1,9,1
10,107,1,1,1,6,7,2,7,2,7,7,2
10,104,3,1,1,3,6,2,7,3,6,1,9,5,4
10,109,7,5,1,1,8,10,1,6,1
10,108,2,1,3,2,6,8,4,8,1,3,1,4,3,3,2
10,104,4,10,1,4,6,8,2,2,5,8,1,4,2
10,102,8,1,1,8,5,3,1,9,2,7,2
10,103,1,3,5,2,8,4,8,10,1,4,4
10,101,10,1,1,2,9,6,9,9,1
10,101,5,8,5,6,2,9,3,3,2,2,1
10,103,8,6,4,5,1,5,5,1,4,5,2
10,109,6,9,1,4,2,9,1,6,2
10,102,5,6,2,5,1,5,4,3,8,7,3
10,105,2,7,1,5,1,2,8,7,4,3,6,4,2
10,101,9,6,1,3,9,4,9,1,9,5,1
10,109,5,9,2,6,1,3,1,10,2
10,105,1,7,5,2,3,4,4,3,10
10,109,3,5,7,1,3,2,7,1,5,2,4
10,107,3,3,1,1,5,2,9,3,3,5,6,6,1
10,107,7,3,3,2,5,2,2,8,2,4,1
10,103,4,6,1,6,2,1,2,4,3,8,4,10,1,1,5,1,1
10,1010,6,1,3,10,1,5,2,3,3
10,107,2,2,2,1,3,2,4,4,1,6,6,3,6,1,5
10,105,4,1,5,7,2,3,9,8,1,6,3
10,101,5,1,7,7,3,7,5,9,1,1,9,6,1
10,108,2,4,7,4,1,6,2,6,4,8,1
10,101,7,4,3,9,6,2,1,4,2,9,1
10,103,3,4,1,8,5,2,4,9,1,7,2,4,2
10,101,4,4,4,5,9,4,3,5,3
10,104,8,5,2,4,6,2,3,10,2
10,101,7,8,3,4,1,7,5,4,1,10,1,2,4
10,108,1,2,5,2,9,8,2,1,3,2,3,6,2,4,2,4,1,7,1
10,104,8,5,2,2,1,6,5,9,2
10,103,1,4,3,2,3,9,4,5,1,6,5
10,103,2,3,4,7,2,3,3,6,7,9,1
10,104,3,5,8,6,1,4,3,4,3,10,1
10,102,8,1,6,6,7,10,2,8,1
10,106,2,4,4,6,6,2,3,1,2,10,2
10,109,1,10,6,3,1,8,2,2,2
10,103,2,2,9,2,10,6,7,6,1
10,108,6,4,2,2,3,2,7,8,2
10,102,4,9,2,6,4,5,1,7,3,2,8
10,109,6,3,1,1,4,9,2,5,1,1,8
10,109,4,10,4,1,3,6,1,7,1
10,107,1,1,9,8,2,9,1,7,1,2,2,8,5
10,105,8,5,4,6,1,3,5,6,1,5,1
10,103,6,5,3,6,5,8,1,3,4,1,9
10,109,1,1,10,4,7,5,6,6,2,3,1
10,101,4,10,1,4,3,3,7,5,5,3,3,2,2,7,1
10,103,3,5,1,5,7,3,9,4,1,1,8,1,4
10,103,7,1,4,6,9,7,1,3,2
10,108,9,1,2,1,2,1,6,8,1,1,2
10,102,8,4,7,2,9,1,6,1,3,5,1,2,3,10,1
10,104,4,1,3,4,4,1,3,9,5,9,1
10,103,5,9,1,7,7,10,1,9,1
10,108,2,1,1,3,1,9,5,6,3,1,9
10,103,3,10,4,4,4,8,1,6,2,7,1
10,106,4,10,5,9,1,3,2,3,1
10,107,7,10,1,1,9,7,1,1,8,9,1
10,104,1,6,1,5,7,5,7,3,1,9,1
10,1010,4,2,4,8,1,8,3,6,2
10,106,2,3,3,9,6,7,1,10,1
10,105,7,7,2,5,6,4,2,5,1
10,101,8,3,2,6,9,2,7,10,1
10,107,2,4,3,9,3,2,4,10,1,8,1,1,7,6,1
10,107,6,1,8,1,9,8,3,9,1
10,103,7,6,6,3,2,2,1,8,1,9,1,1,10
10,101,4,8,2,8,7,9,1,1,7
10,108,4,10,4,2,4,2,1,10,1
10,108,3,3,7,1,10,3,4,3,5,5,2
10,107,3,1,3,10,4,4,3,6,1,3,2,4,1
10,107,1,5,1,4,6,10,2,5,4,10,1,6,1
10,101,2,5,4,3,5,7,3,7,1,7,1,2,10
10,107,8,2,1,8,1,3,6,2,4
10,105,5,4,7,2,2,4,3,8,1,1,9,6,1
10,107,1,1,9,7,4,1,1,1,3,6,2,7,1,8,1,8,1,3,3
10,109,2,3,3,7,6,8,1,3,3,6,1
10,106,3,4,9,5,5,5,1,2,2,4,1
10,104,1,2,4,2,7,6,10,4,1,2,1
10,101,2,1,10,1,5,5,9,1,10,2,10
10,103,9,7,1,5,4,6,3,1,8,4,2,3,1
10,103,6,6,5,9,2,2,2,7,3
10,104,3,1,8,5,4,9,4,5,1,4,1,6,1
10,105,1,4,8,9,2,6,1,6,5
10,103,9,6,7,2,3,1,9,7,1
10,101,5,4,4,1,1,2,1,7,4,6,6,3,1
10,109,1,4,1,8,2,9,3,5,4,5,3
10,102,6,4,2,8,4,8,2,4,2,5,3
10,104,2,2,4,5,6,1,5,10,1,10,3
10,103,4,2,3,4,10,3,9,3,2
10,109,7,9,1,4,1,9,1,6,1
10,104,9,1,6,1,5,4,10,2,2
10,109,4,1,9,10,1,9,2,3,2,6,2
10,102,2,7,9,9,1,3,3,3,2
10,107,8,1,6,5,2,4,2,1,5,3,1,1,3
10,101,9,8,6,2,4,6,2,7,2
10,105,6,2,3,2,6,7,4,3,5
10,106,7,1,4,4,1,3,1,10,3,2,4
10,102,3,7,2,4,6,5,6,3,1,6,1,4,2
10,107,4,1,3,2,3,10,4,8,1,3,2
10,103,2,4,4,1,5,9,6,5,2
10,103,3,6,2,7,4,2,6,2,7,2,2,4,3
10,1010,3,10,2,8,3,10,1,7,1
10,109,4,1,3,4,2,8,4,6,2
10,106,5,10,3,1,1,3,4,3,2,6,2
10,102,9,7,8,9,1,1,5,3,1
10,107,8,1,4,5,1,7,1,2,8,3,1
10,108,1,2,5,7,9,1,7,3,1
10,104,1,5,5,7,3,2,5,5,3,4,4
10,108,1,1,2,8,2,2,7,6,7,3,3
10,102,1,7,6,2,3,2,1,5,1,3,4,9,2,4,1
10,104,4,9,2,5,5,5,2,1,8,5,1,3,3
10,109,5,10,1,9,3,1,4,5,1
10,109,7,1,5,2,2,2,3,5,1,8,1
10,102,4,3,3,5,4,10,3,8,3
10,105,2,1,3,1,4,7,1,10,4,5,4,7,1
10,106,7,2,7,3,1,2,7,6,3
10,104,3,4,2,5,5,2,8,2,7,8,2
10,106,5,5,1,3,10,5,1,4,2,4,1,3,3
10,1010,3,9,1,1,4,7,2,8,3,10,1
10,101,2,3,6,3,9,7,4,4,2,4,2
10,101,6,8,9,2,3,2,1,5,1
10,103,7,4,8,4,1,3,6,8,2
10,101,10,6,1,7,9,1,10,1,2
10,104,7,4,1,2,5,4,6,8,2,9,1
10,107,3,1,2,10,5,9,1,4,1,5,1
10,102,8,8,4,7,4,8,1,7,1
10,103,8,4,1,1,7,6,7,7,2
10,104,8,3,7,3,6,8,2,2,2
10,102,6,3,2,5,3,3,5,3,5,8,2,4,3
10,107,3,7,1,3,9,2,4,8,1,4,5
10,107,7,6,1,4,2,2,7,4,2,6,1
10,101,2,6,9,5,1,1,6,2,9,2,3
10,104,7,2,3,1,8,1,3,10,2,5,4,6,1
10,106,4,3,3,1,8,9,5,5,1
10,103,9,1,2,4,8,3,6,3,4
10,107,4,2,3,2,6,7,3,8,3
10,105,4,1,7,8,2,1,6,6,1,9,1,4,6,1,3
10,103,7,2,8,5,6,6,3,6,1
10,109,2,9,6,6,1,3,1,10,1
10,101,3,1,5,7,2,8,6,3,1,2,5,4,2
10,105,8,5,1,8,1,5,4,3,3,9,1
10,106,6,1,6,8,3,1,5,1,5,3,5
10,109,7,4,2,2,2,4,3,4,1
10,109,1,2,2,2,3,2,4,3,1,5,7,3,3,9,1,2,4
10,107,1,8,8,10,1,2,2,3,1,1,3
10,106,5,4,1,7,1,4,5,10,3
10,102,1,5,4,2,2,2,1,10,6,3,1
10,108,4,2,8,6,5,8,1,1,5
10,104,7,4,6,8,2,4,1,2,2,1,5,10,1
10,109,2,1,4,10,4,1,1,7,4
10,103,1,4,5,5,1,8,3,6,5,9,1
10,104,4,9,2,5,2,9,1,10,2,6,1,4,3
10,104,10,1,8,4,7,5,1,5,2
10,106,1,4,5,1,10,3,9,2,8,7,1,5,1
10,102,7,4,7,4,5,8,1,4,4,5,1
10,102,4,2,9,6,8,7,1,10,1
10,101,8,2,5,7,4,10,1,7,5
10,103,10,4,6,1,7,6,4,2,3
10,106,8,8,2,3,1,4,1,4,5
10,102,1,4,10,2,8,1,5,5,2,3,2,3,4
10,102,3,2,8,1,5,6,9,10,1
10,105,4,2,10,1,8,7,4,7,2,1,1
10,104,1,2,3,3,4,7,3,6,7,2,3
10,109,1,9,1,2,3,2,5,1,6,4,2,4,5,9,1,7,2
10,104,1,8,8,6,1,1,9,5,1,3,1
10,102,8,4,1,7,7,10,1,1,8,4,1
10,108,2,6,7,4,6,2,4,1,1
10,108,4,3,3,4,4,1,7,6,2,5,1,1,10
10,104,3,8,7,6,2,2,3,5,1
10,108,7,10,2,1,2,9,1,2,2
10,104,3,6,3,1,1,8,4,3,2,6,2,10,1
10,102,2,3,2,7,6,9,2,1,1,10,2
10,104,9,3,2,3,5,3,1,6,3,2,4,5,1
10,102,2,8,4,1,8,2,3,4,2,7,2,10,1,9,1
10,108,2,8,1,6,3,4,3,10,3,7,1
10,101,6,7,8,1,3,5,2,2,3,5,2
10,105,2,1,6,5,7,3,9,1,5,8,1
10,105,4,2,5,6,2,4,5,7,3,8,1
10,108,1,2,5,3,5,8,2,6,1,7,2,1,2,10,2
10,105,9,4,7,3,1,5,1,5,2
10,101,7,6,2,3,2,1,2,8,7,8,1
10,108,1,9,3,5,2,1,10,4,4,5,4
10,102,3,8,5,8,3,7,1,9,1,1,5
10,103,8,7,3,4,3,4,3,2,3,6,2,2,2
10,109,7,3,1,10,1,9,1,6,1
10,106,10,3,4,3,1,1,10,2,2,2,1
10,106,3,4,3,4,6,1,5,7,4,2,2
10,102,3,6,7,5,2,1,6,3,5,4,3
10,105,1,3,8,5,6,4,3,2,10
10,102,6,2,2,1,4,1,1,7,10
10,101,1,6,5,9,2,3,4,7,2,4,4
10,105,5,4,6,10,2,6,2,2,2,2,3
10,108,4,2,9,3,5,4,4,10,1
10,104,1,10,5,5,5,2,3,1,5,1,1
10,105,7,1,7,2,8,1,4,9,1,7,1,5,1,8,1
10,103,6,4,4,2,10,5,5,8,1,4,1
10,103,9,6,7,7,1,9,1,6,1
10,105,2,10,1,4,3,9,5,7,1,1,7
10,105,5,3,4,7,3,4,1,1,4,10,2,5,1
10,101,5,9,5,2,3,5,4,1,7,8,1
10,105,6,4,2,3,3,9,3,2,3,10,1
10,107,2,10,1,5,5,5,4,5,1,8,2
10,106,3,6,6,3,8,4,2,1,4
10,102,6,8,7,7,1,7,1,8,1
10,109,4,2,1,1,7,2,6,5,5,8,1
10,103,6,2,5,1,8,5,2,4,8,3,2,6,1
10,103,3,1,2,4,4,9,6,3,3
10,105,4,5,4,6,2,10,2,3,2,3,4
10,101,2,1,6,5,7,4,5,4,3,4,1,8,1,3,1
10,104,2,7,5,8,3,4,2,3,5
10,106,1,10,3,8,3,10,1,2,4,6,2
10,103,2,2,4,7,3,4,2,10,2,10,2,7,1
10,103,2,9,6,1,6,2,4,1,3,1,3,4,1,3,2
10,101,9,2,2,3,5,9,5,1,5,4,3
10,103,3,6,3,6,1,7,1,10,5
10,103,2,3,4,1,6,5,9,5,3,6,1
10,108,1,4,3,9,3,10,3,1,4,1,5,4,1
10,105,7,9,1,5,6,6,2,4,1
10,104,9,1,3,1,5,6,4,5,3,7,1
10,106,6,4,4,10,2,9,1,9,1
10,102,5,7,3,2,10,5,5,7,2
10,106,3,4,7,6,4,3,6,1,2
10,101,7,1,7,6,9,8,1,2,7
10,103,2,2,2,4,4,4,2,6,5,8,2,10,1
10,106,2,1,3,4,7,4,1,7,1,6,6
10,109,1,6,2,6,1,1,5,10,4,1,2,8,2
10,103,7,7,7,6,1,2,3,4,2
10,104,3,5,4,2,8,4,4,2,3,2,3,4,2,6,1
10,101,7,2,4,9,3,10,1,8,1,6,5
10,101,3,7,1,10,5,3,4,4,4,2,1
10,107,4,4,3,2,2,6,3,3,8,1,4
10,103,5,3,3,1,10,2,9,2,3,6,1,4,6,2,1
10,109,3,5,5,1,4,5,5,9,1
10,102,3,9,2,4,2,10,4,6,1,6,2
10,101,6,4,5,9,5,5,3,2,2
10,103,10,1,5,4,4,2,3,3,4,2,4,3,2,1,7
10,101,2,1,4,4,4,3,8,1,4,8,1,3,2,2,10,6,1
10,107,4,3,3,10,2,9,1,4,3,2,5,2,1
10,101,2,4,9,4,9,10,1,1,6
10,106,3,6,2,8,5,2,4,4,3
10,105,5,3,1,7,1,3,1,5,4,4,8
10,108,4,3,3,1,1,4,3,2,10,8,2
10,103,3,10,4,3,2,1,5,5,6
10,103,2,7,4,2,2,3,7,2,5,6,3,3,1
10,103,1,6,4,10,4,4,2,3,5
10,105,8,9,2,1,8,3,4,4,3
10,103,3,4,7,10,2,1,3,6,5
10,107,1,1,3,6,8,3,8,4,2
10,1010,1,9,3,6,3,9,3,4,2
10,107,5,3,7,10,1,10,1,7,2
10,103,8,7,5,1,3,4,4,6,2
10,106,1,4,6,2,3,8,4,5,2,6,2
10,103,4,4,3,5,6,10,3,6,1
10,105,5,6,2,1,10,1,9,3,8,5,1,5,1
10,106,6,10,2,5,1,4,5,9,1
10,106,2,3,6,10,2,2,7,7,1,5,3,2,2
10,106,7,3,10,3,1,3,1,4,3
10,105,1,2,8,6,3,5,7,2,8
10,104,6,3,1,5,3,4,7,4,1,10,1,2,3
10,101,7,4,6,10,3,1,5,3,5,9,1
10,103,8,5,6,2,4,4,4,3,4
10,108,1,6,8,2,6,2,8,6,1
10,101,1,10,4,2,1,3,3,7,2,8,3
10,101,8,8,2,1,4,2,1,8,6,1,8,4,1
10,107,1,9,1,4,3,10,5,3,4
10,102,7,9,3,7,5,8,1,6,1
10,101,6,1,7,6,2,3,3,7,4,1,1,9,3
10,106,3,4,5,8,4,5,1,4,3,1,3
10,104,10,1,5,1,7,4,5,4,2,5,2
10,104,3,1,2,5,3,7,6,2,6,7,1
10,105,8,5,2,5,4,6,2,4,2
10,105,5,10,4,7,1,5,1,4,2,1,5
10,107,3,8,5,2,10,5,1,4,1
10,1010,1,3,2,4,4,3,9,3,7,4,1,3,2
10,104,2,2,2,2,10,4,5,8,3,4,2,6,1
10,105,1,3,3,4,5,10,5,6,1
10,105,2,5,8,5,4,7,1,3,1,10,1
10,102,1,2,9,1,7,3,8,4,3,4,6,3,1
10,109,1,10,2,10,3,9,1,9,2,4,1
10,108,3,6,5,4,5,4,1,7,1,5,1
10,102,4,9,6,7,3,1,3,4,1
10,105,2,5,3,10,3,10,2,5,3
10,109,6,4,2,5,2,1,5,7,1,6,1
10,105,7,6,2,4,5,3,4,9,1,1,2
10,108,2,8,4,2,2,10,3,8,1
10,101,4,10,6,5,2,7,2,2,1
10,101,1,1,1,3,3,7,1,3,7,4,2,10,1,6,2,7,3
10,104,7,10,2,6,3,3,3,3,5
10,101,2,9,6,1,6,5,4,4,2
10,101,2,6,3,6,3,1,9,10,1,1,9,3,2,5,2,1,2,1,6
10,102,3,7,4,5,4,10,2,2,8
10,101,2,10,5,6,4,10,1,1,4
10,104,9,6,3,1,3,5,6,3,1
10,105,2,4,2,5,5,9,3,3,4,2,4
10,106,5,4,3,1,1,10,4,7,1
10,105,3,7,1,5,2,2,7,6,6,2,4
10,101,5,1,6,8,6,7,3,10,1
10,102,1,7,1,9,2,9,3,9,4
10,104,2,2,6,4,8,7,2,4,6
10,105,4,5,9,1,3,3,4,10,1
10,106,1,2,3,1,7,9,3,2,7,2,4,6,1,3,3,7,1
10,102,7,6,5,8,3,6,1,3,2,10,1
10,101,5,5,3,8,2,3,5,9,1,10,2,5,2
10,105,1,1,10,8,8,1,6,5,1
10,108,1,6,3,10,2,4,7,4,4
10,106,6,3,10,3,1,6,1,6,1,1,9
10,108,2,1,7,10,3,6,4,6,1,1,7
10,103,7,5,6,5,3,2,4,10,1,3,2
10,104,2,6,2,3,4,6,4,4,4,9,2
10,102,10,3,6,3,3,3,7,4,4,1,6
10,103,1,6,2,3,10,5,2,7,5
10,109,7,1,5,1,1,3,3,6,2
10,105,3,1,4,10,6,9,1,2,1
10,104,3,10,3,2,1,5,7,4,2,3,1
10,102,7,5,2,1,4,8,4,5,6
10,107,2,2,4,9,1,6,5,2,1,7,1,3,6,1,2
10,101,3,1,8,9,2,2,2,2,2,6,7,1,3,4,2
10,106,1,4,6,5,2,4,4,8,2,6,3
10,105,8,3,9,7,1,3,2,1,6,2,2
10,103,3,5,6,1,5,4,2,10,2,9,2
10,108,2,1,10,8,5,9,2,6,1
10,104,10,5,1,5,1,5,6,6,1,4,1
10,105,7,3,6,5,3,8,1,7,2
10,101,7,6,4,5,3,3,5,2,5,7,1,6,2
10,102,8,1,4,4,6,4,4,8,2,7,2
10,101,2,6,7,2,1,3,10,7,2
10,105,1,6,6,2,2,4,6,3,1,9,2
10,106,2,5,4,4,8,4,6,2,1
10,102,8,6,7,1,5,1,6,7,3
10,108,1,2,2,3,1,5,8,5,7
10,108,3,2,3,8,3,2,7,2,3,2,3,8,1,1,2
10,105,6,5,7,1,4,6,2,9,1
10,107,5,9,2,3,2,7,1,9,1,3,5
10,105,8,7,1,4,8,8,1,3,1
10,102,9,1,7,8,1,7,1,4,8,2,9
10,109,2,4,2,8,1,8,5,2,8
10,109,4,8,3,6,1,1,6,10,1,8,1
10,106,6,3,2,5,1,4,4,7,2,1,1,1,6,3,2
10,103,2,4,7,6,7,4,3,1,2
10,101,1,2,6,2,4,7,4,3,10,1,5,3,2
10,107,1,10,1,5,6,8,1,5,7
10,107,3,1,1,10,5,7,2,2,2
10,101,1,1,6,2,5,10,1,2,9,2,4,1,5,4,8
10,108,2,7,5,1,2,2,8,1,1,2,4,6,2
10,1010,2,9,1,5,2,1,5,10,3,2,3,5,2
10,101,7,4,1,6,10,1,2,1,9,2,4
10,101,7,7,4,1,5,9,2,8,4
10,102,8,4,5,2,6,3,4,2,8,2,4,1,1,5,1
10,109,4,1,2,10,2,9,3,5,1
10,103,5,2,7,3,7,2,6,4,3,8,2
10,102,2,8,3,6,7,1,4,4,4
10,102,5,4,6,2,2,3,2,4,7,6,3
10,103,1,4,7,10,1,5,7,7,2
10,109,4,1,2,6,6,2,3,2,5
10,107,7,4,1,3,5,5,1,2,4,9,1
10,109,1,9,3,6,4,3,5,9,1,6,1
10,105,3,4,8,5,2,6,5,1,2
10,107,3,1,7,6,5,2,9,5,1,8,1
10,109,3,7,1,1,7,5,2,9,2,10,2
10,102,7,5,6,7,1,2,4,9,2,2,3,3,2
10,104,4,6,4,2,9,1,7,1,3,5,1,8,2
10,102,2,3,7,9,2,1,6,2,4,4,8
10,103,8,6,5,6,2,4,2,7,1,2,4
10,102,5,1,10,5,3,4,9,6,1,4,2,1,4
10,104,5,5,5,6,4,3,4,8,1
10,102,9,1,2,5,1,8,7,8,1
10,104,2,5,7,4,7,10,1,2,1,6,1
10,105,3,6,1,7,5,1,10,2,4,1,6,9,1
10,102,9,1,1,2,1,10,1,2,5,6,2,6,5,6,1
10,101,3,3,2,4,4,4,5,1,8,7,4,4,2
10,102,1,5,6,3,1,2,4,3,6,7,4
10,104,2,4,6,9,3,2,3,9,1,5,3
10,101,1,7,2,2,7,7,4,8,4
10,105,3,4,2,2,2,5,9,4,2,1,2,2,1,1,5
10,102,10,7,1,6,5,5,4,3,4
10,102,5,2,5,5,3,4,7,2,1,1,6,9,1,9,1
10,109,5,3,4,4,1,1,2,5,4,1,6
10,108,8,8,1,1,4,1,4,9,1
10,102,3,9,2,3,5,9,1,7,3,5,4
10,102,1,9,6,10,1,1,7,1,2,7,2
10,104,2,8,6,10,1,2,7,9,1
10,103,8,3,6,4,5,9,2,3,3
10,107,6,1,5,2,4,6,3,2,4,4,2
10,102,3,7,2,4,2,3,7,5,8
10,107,4,10,4,5,2,1,5,2,3
10,106,2,1,5,9,5,1,1,10,2,4,1,2,1
10,106,6,3,3,10,3,1,6,2,4
10,108,4,3,1,8,1,6,1,10,4
10,107,3,10,5,5,1,9,1,1,4
10,109,4,1,6,6,3,3,3,4,5
10,106,7,3,4,6,3,4,2,3,3
10,105,1,5,3,5,5,4,7,7,1,3,3
10,103,7,3,7,8,2,4,3,1,2,9,1,2,4
10,109,1,8,4,8,1,10,3,10,1
10,106,1,2,1,5,6,5,2,5,4,7,3
10,102,1,6,2,9,2,10,3,7,1,10,2
10,103,4,7,1,6,2,9,3,1,1,6,4,2,3
10,101,6,1,8,5,3,5,6,3,10
10,107,6,1,3,3,4,6,1,5,2,2,8
10,102,1,1,8,1,2,6,2,8,7,9,1
10,105,7,2,4,3,9,9,1,5,2
10,106,1,3,7,5,6,10,2,2,6
10,105,3,4,6,3,2,10,1,1,5,10,2,3,3
10,104,8,9,2,3,3,2,5,5,1,1,5,5,2
10,103,7,4,4,6,3,4,4,6,1,1,2,2,2,6,1
10,108,6,2,6,9,2,5,1,6,1
10,102,2,4,4,3,1,9,6,4,2,2,2
10,102,3,3,1,4,2,6,4,9,4,6,2
10,106,2,2,10,8,6,6,1,3,1
10,105,2,4,3,2,1,5,1,9,2,6,1,9,4
10,106,1,5,1,10,7,5,1,3,1
10,104,4,6,7,3,6,4,2,5,1
10,109,1,6,4,4,6,5,3,2,1,5,3
10,102,4,7,5,1,9,6,4,8,1,1,5
10,109,4,5,4,1,6,5,3,6,2
10,104,4,2,6,1,3,6,3,4,8,8,1
10,104,3,6,2,4,1,3,1,5,7,10,1,2,4,5,1
10,102,7,8,6,6,3,2,2,5,1
10,101,8,9,5,2,3,6,3,6,2
10,109,1,2,2,4,3,8,4,6,1,6,1,10,2
10,102,2,3,7,4,4,7,4,5,2,5,2
10,101,3,3,7,5,7,4,3,6,3
10,108,1,10,4,7,4,9,1,2,2
10,101,10,8,7,7,2,7,1,2,1
10,109,6,10,1,9,1,2,1,7,2
10,103,2,7,4,2,2,10,1,1,3,8,3,7,2
10,105,4,1,9,1,7,6,5,1,1,8,1,2,7
10,104,5,9,2,1,6,5,2,5,7
10,102,8,5,7,2,6,6,1,10,2
10,102,2,1,10,2,6,4,2,4,5,2,5,2,6,4,1,3,3
10,108,6,9,3,1,4,1,1,9,1
10,101,6,3,1,4,5,2,4,5,4,3,10,1,2
10,101,2,4,3,9,5,9,2,4,1,4,2
10,109,1,8,4,1,6,6,1,2,9,6,3
10,101,6,4,3,10,4,4,5,4,2,3,1
10,102,1,7,8,9,1,1,9,2,2,9,1
10,108,2,5,3,3,2,2,6,2,4,8,4
10,106,9,4,2,6,1,3,6,1,3
10,103,3,5,4,6,1,2,3,2,5,8,3,7,2
10,109,1,7,7,3,1,6,1,2,6,1,10
10,101,4,10,5,5,4,3,2,9,1
10,103,4,10,3,2,5,5,5,2,3,6,1
10,104,4,6,6,1,3,10,2,7,2
10,105,2,1,9,8,6,4,4,6,1
10,1010,2,3,4,9,3,6,2,6,1,4,3
10,105,7,9,2,1,4,4,1,4,2,5,4
10,109,1,9,6,1,1,3,1,9,2,4,1
10,102,5,1,7,3,10,3,6,1,8,4,4
10,108,2,1,4,7,6,2,1,1,5,10,2
10,1010,2,10,4,3,1,1,2,6,4
10,101,3,2,9,7,8,1,4,8,1
10,106,2,3,3,5,1,4,4,7,6,5,1
10,106,3,6,3,2,10,1,9,2,4,4,4
10,103,1,8,6,8,3,1,9,1,2,3,1
10,101,6,8,1,5,5,4,1,4,7,9,2
10,104,9,5,3,10,1,2,6,4,4
10,102,4,2,5,2,1,3,7,7,3,10,2,7,1
10,109,1,5,9,4,7,1,1,3,2
10,101,8,3,1,3,9,2,3,6,1,3,3,5,6
10,102,7,7,5,10,3,4,2,1,2
10,107,6,8,2,7,1,2,7,10,1
10,102,1,1,5,6,2,2,8,8,3,6,5
10,106,2,3,10,3,2,4,5,7,3
10,106,1,8,8,1,7,1,6,2,3
10,107,6,1,6,4,3,2,7,5,3
10,105,1,1,8,4,7,5,8,4,2
10,105,4,1,7,6,1,2,4,6,5,3,6
10,1010,1,4,1,6,3,2,7,5,3,8,3,1,4
10,101,5,6,5,10,3,2,7,5,2
10,105,5,5,2,9,4,1,2,3,3,7,1
10,108,1,5,4,2,6,3,3,5,8
10,104,3,7,5,1,7,5,5,1,10
10,107,4,8,1,3,3,1,6,2,1,6,3,9,2
10,107,1,6,2,3,10,6,5,5,2
10,104,1,6,1,2,6,1,1,2,5,5,3,4,9,5,1
10,101,4,1,9,5,3,6,6,3,5,2,5
10,104,1,5,3,3,9,7,5,4,2
10,101,7,8,3,4,3,9,3,2,6,7,1
10,109,5,6,2,4,1,7,1,6,2,3,3
10,102,10,4,2,4,1,3,2,1,9,7,6
10,101,10,6,2,5,5,4,7,1,2,8,1,4,1
10,103,10,5,4,3,3,2,6,6,3
10,102,2,4,2,5,4,10,4,5,3,2,1
10,105,4,4,8,2,4,4,5,9,1
10,103,4,2,1,4,10,2,5,5,5
10,1010,2,4,2,3,7,2,1,8,1,6,5
10,1010,6,3,3,8,1,2,1,6,1,4,1
10,104,7,1,1,3,3,6,5,7,3
10,104,1,7,4,3,3,7,2,10,1,3,8
10,105,1,3,4,8,2,2,4,4,3,9,4
10,107,2,8,7,2,3,7,1,1,6
10,103,2,7,2,7,3,3,7,1,1,10,2,6,1
10,103,6,8,1,4,9,3,2,6,3,3,1
10,103,1,8,5,4,2,10,2,6,3
10,105,9,1,4,2,9,3,5,7,1
10,107,6,6,1,3,9,4,2,6,1
10,101,5,3,4,4,10,1,9,2,9,5,1
10,106,3,4,5,5,3,9,3,9,1
10,107,4,4,3,8,3,2,2,2,9,2,1
10,101,1,1,5,5,8,4,6,8,1,10,1
10,107,1,5,4,1,7,4,5,7,1,10,1,8,1,9,1
10,103,7,3,9,6,1,5,2,4,4,2,4
10,106,2,6,8,2,5,2,6,3,2
10,107,4,8,3,8,2,1,8,2,6
10,105,5,2,7,1,8,5,1,9,1,1,7,10,2
10,109,1,3,1,5,8,4,8,4,1
10,101,7,9,4,9,3,4,3,1,6
10,101,6,5,6,4,7,4,1,4,4,1,4
10,107,3,5,5,1,1,3,9,7,2
10,103,2,5,3,1,5,9,3,5,7
10,105,7,2,2,1,6,5,2,1,2,10,2,4,1,7,1
10,103,2,3,4,4,4,10,1,8,3,10,2
10,104,3,2,2,6,10,2,3,1,6
10,101,5,3,4,6,8,4,2,5,1,10,1
10,106,9,6,1,3,1,4,4,3,3
10,102,1,4,8,4,10,1,2,6,2
10,102,1,5,10,3,6,3,1,5,3
10,102,9,4,9,1,5,1,2,4,5,7,1
10,106,7,9,1,1,7,1,6,8,1,4,2,2,4
10,102,6,4,7,4,5,10,1,9,2
10,102,2,3,1,9,7,1,6,2,3,2,3
10,109,2,2,1,8,4,1,4,8,4
10,106,1,6,2,1,9,8,6,9,1,4,1
10,103,4,1,9,5,5,1,7,9,2,8,1,9,1
10,106,6,6,1,7,3,1,10,3,5
10,106,5,1,7,6,3,1,6,3,5,2,6
10,1010,4,3,6,3,3,7,2,7,1
10,109,4,1,9,8,1,4,1,1,1,6,3,6,2
10,1010,1,5,5,4,8,6,2,9,1
10,104,2,1,9,2,8,1,2,1,10,1,3,2,4,8,1,5,4,4,1
10,107,2,1,4,5,3,5,2,10,1,1,7,2,7,1,6,4,2
10,104,2,4,10,1,10,1,8,2,3,1,6,1,10
10,101,7,3,9,5,1,4,3,3,8,7,1,2,3
10,101,9,6,6,9,2,8,2,3,1,2,3
10,109,7,5,2,1,8,1,3,4,1
10,102,6,4,7,7,3,4,4,2,3,5,1
10,107,4,1,4,5,1,1,2,3,6,5,3,8,2
10,106,1,3,1,3,6,8,4,1,5,1,6,6,3
10,108,1,2,2,2,2,1,1,8,8,3,1,2,2
10,104,4,6,1,4,5,9,4,1,4,3,2
10,102,4,8,4,9,1,6,5,3,3
10,103,7,4,2,1,7,1,7,3,5,10,3
10,104,8,10,1,6,2,4,5,9,1,5,1
10,1010,1,2,7,6,5,2,9,4,4
10,102,10,7,3,2,2,3,6,5,5
10,106,2,3,2,5,1,1,4,10,6,1,1
10,108,1,8,5,1,3,8,1,1,2,9,3
10,102,3,2,7,10,2,3,1,10,1,5,7
10,102,4,6,2,10,4,4,6,2,2
10,1010,2,9,1,4,1,2,5,6,6,9,1
10,106,6,4,10,5,1,5,1,1,2
10,101,3,6,9,1,3,2,9,10,1
10,107,1,4,8,3,4,5,6,7,1
10,106,9,2,3,7,1,1,1,2,10
10,101,5,7,4,1,6,4,3,3,3,2,6,1,10,6,1
10,108,1,4,5,10,3,5,2,5,2,10,1
10,103,4,4,3,1,1,10,6,1,3
10,106,3,3,10,5,1,7,2,2,2,1,3,2,4,3,2
10,107,5,3,10,1,1,5,3,7,1
10,101,7,8,1,3,9,5,8,6,1
10,108,1,2,7,3,6,1,3,5,9
10,101,7,3,6,9,3,6,3,6,3
10,101,6,5,2,9,1,4,7,5,7
10,1010,3,4,4,1,5,5,1,5,1,9,1,9,2
10,102,7,7,5,6,1,4,2,9,2,7,1
10,104,1,8,8,2,4,9,1,3,1
10,101,10,4,5,3,7,8,1,1,5,4,2,8,2
10,104,2,1,2,5,6,1,4,8,4,3,1,1,9
10,106,7,1,4,6,2,3,8,6,1
10,107,4,2,3,4,1,6,4,1,1,2,9,7,1
10,101,9,6,1,8,1,1,9,4,9,4,5
10,104,6,6,4,3,8,5,2,1,6
10,1010,1,7,1,7,4,3,4,4,3,3,5,1,4
10,102,2,2,1,5,7,4,7,10,1,4,1,5,1
10,109,3,1,2,10,1,7,2,9,3,8,1
10,102,2,4,3,6,4,5,3,8,3,3,3
10,101,7,3,1,4,9,3,10,4,1,1,4,2,2
10,103,1,8,7,5,2,5,1,2,7
10,107,5,1,10,8,4,5,1,2,3
10,105,8,4,4,3,1,4,3,1,1,8,2
10,102,2,10,2,10,5,5,2,2,2
10,104,3,3,5,1,7,7,2,10,3,5,2
10,108,2,10,2,8,3,2,2,6,1,3,2,6,2
10,101,6,6,6,1,3,10,1,10,3,1,3
10,109,5,3,4,1,1,2,5,4,5
10,103,6,3,7,4,6,5,3,10,1
10,103,2,8,7,4,2,9,1,1,9
10,105,2,5,3,4,2,5,7,5,4
10,102,5,7,7,1,7,6,3,4,1
10,109,1,6,7,2,5,1,7,10,2
10,104,5,8,1,6,1,5,4,2,8,3,6
10,106,7,10,1,4,1,10,1,3,4,10,1
10,107,7,3,3,1,6,10,1,7,2
10,105,3,3,6,2,7,7,3,5,4
10,106,4,10,1,6,4,3,7,9,1
10,106,1,2,5,3,4,4,3,3,6,10,3
10,101,5,1,8,3,2,3,4,6,8,9,1
10,104,3,2,2,7,2,7,4,3,10
10,1010,4,5,2,8,2,9,2,4,1
10,107,1,2,7,4,4,2,6,1,4,8,2,1,1,2,3,9,1,1,3
10,102,9,6,6,1,2,2,10,4,2,1,4
10,101,5,7,5,1,6,6,5,3,4
10,102,5,3,7,2,4,3,2,7,1,1,4,1,9,4,5,1,3
10,107,4,2,3,7,1,2,8,8,3,1,7
10,106,1,10,5,3,5,7,1,5,2
10,108,8,1,6,4,2,4,2,2,1
10,102,1,9,8,2,1,8,1,2,2
10,102,4,7,1,1,6,8,6,8,2,3,1
10,102,6,4,1,4,4,8,2,9,4,4,1
10,102,9,2,7,8,3,2,1,5,6
10,102,9,6,3,6,5,2,9,3,1,1,1
10,104,2,4,4,9,6,4,2,2,1
10,105,4,4,3,3,1,3,3,4,8,6,2
10,105,9,6,1,1,1,4,4,5,4
10,101,7,1,5,1,3,1,3,7,10
10,104,3,2,4,1,5,1,9,9,4,4,3,6,1
10,108,4,2,1,9,2,1,5,1,4,4,2,7,2,5,1
10,105,9,4,4,5,2,1,5,3,4
10,109,1,1,6,5,8,3,4,9,1,4,3
10,102,7,2,10,7,3,3,1,5,6
10,106,1,5,7,1,5,3,2,1,8,4,4,6,2
10,105,1,6,4,7,1,1,6,2,4,2,7,8,3
10,102,3,7,4,10,2,1,2,8,4
10,106,3,4,10,2,7,4,1,1,3,3,3
10,102,2,3,9,2,10,4,8,5,1
10,101,6,5,4,3,4,6,5,4,3,4,2
10,104,8,4,8,1,10,7,1,7,1
10,104,1,8,2,1,5,2,2,5,1,6,1,8,4,10,1,6,1
10,105,9,5,2,3,6,2,1,3,2,7,1
10,104,6,8,1,1,3,2,8,5,1,10,1,2,5,6,2
10,103,2,8,8,5,1,1,2,1,9,1,2
10,106,5,4,3,4,4,6,3,4,3
10,102,8,8,5,1,3,8,2,6,2
10,106,1,4,4,6,5,7,1,4,7
10,107,3,4,6,6,4,4,1,6,1,8,1
10,104,7,4,2,5,8,6,1,5,1
10,106,5,10,1,1,3,9,3,2,5,7,1
10,1010,1,1,6,10,2,8,6,3,1
10,1010,2,7,1,7,1,6,5,4,2,3,1,2,6
10,104,2,3,10,6,1,1,2,1,3,6,3,5,4
10,107,5,5,1,2,5,9,3,6,1,1,4
10,102,3,2,3,7,1,10,6,8,1
10,109,3,1,2,10,3,10,2,8,1
10,104,1,4,10,5,1,5,6,1,8
10,104,8,6,5,8,1,7,1,5,2
10,109,2,10,4,2,2,8,2,9,1
10,106,2,6,5,4,5,5,1,9,2,1,2
10,108,3,6,2,3,5,9,2,6,3
10,1010,3,2,1,3,3,10,4,6,1
10,106,4,1,5,5,4,4,6,7,2
10,103,1,7,8,3,5,4,1,9,1
10,104,1,3,9,6,8,1,1,7,1
10,102,2,10,3,9,1,8,3,10,2
10,109,4,5,1,10,2,1,5,7,3
10,103,2,5,2,1,5,2,6,8,3,5,6
10,101,3,10,5,8,1,8,3,1,2
10,1010,4,1,2,2,3,5,3,4,6
10,102,8,2,9,4,10,2,3,3,1,1,4
10,101,9,5,8,2,6,8,2,2,5
10,101,8,5,9,3,7,1,3,4,1,1,1,1,5
10,102,5,5,2,5,7,10,2,2,6
10,101,10,1,9,7,6,6,2,4,1,5,2
10,109,2,9,1,2,1,6,5,4,7
10,107,3,8,4,5,3,4,3,1,7
10,103,3,7,7,2,5,5,3,4,1
10,108,4,3,5,10,1,1,2,7,4
10,107,4,1,3,3,5,8,4,9,1
10,102,4,1,1,8,3,9,5,9,1
10,106,2,9,2,5,1,8,2,9,2,5,2,2,4
10,104,9,10,1,5,5,5,2,6,1
10,101,1,1,7,2,9,1,8,6,2,5,1,3,6,2,9
10,106,6,2,7,10,1,8,1,9,1,10,1
10,104,7,1,4,3,8,7,3,5,2
10,106,9,3,5,6,1,1,6,3,2
10,103,1,7,2,4,2,8,2,3,4,3,8,5,1,5,1
10,106,4,4,2,10,3,9,1,8,2
10,109,5,10,1,8,2,7,2,2,1
10,102,4,4,4,2,7,1,7,4,4,1,8,2,1,1,6,3,3,1,1
10,103,1,1,9,2,6,1,1,3,1,3,9,1,9,5,1,2,9
10,109,4,1,6,9,3,2,3,6,2
10,105,2,9,1,4,2,4,2,7,2,7,3,3,2,1,7,4,1
10,101,2,10,3,8,5,8,1,1,7
10,101,3,5,3,10,6,1,1,8,1
10,107,3,9,4,9,2,8,1,1,1,3,1
10,106,2,3,7,5,6,2,3,2,9
10,101,3,7,2,4,4,4,3,1,6,6,5,2,3
10,103,6,5,5,2,3,1,4,8,4,1,2
10,104,2,2,2,1,2,1,6,2,2,7,2,8,5,9,1
10,105,1,2,8,4,6,5,2,4,4,8,2
10,104,5,1,7,2,5,5,5,5,5
10,101,8,5,4,3,8,5,3,8,1,7,1,5,1
10,107,2,8,4,2,6,7,4,1,1
10,103,3,10,6,2,2,7,1,7,1
10,103,4,5,1,1,9,6,4,2,3,2,10,3,1,8,1
10,102,1,5,1,10,4,5,4,4,5
10,109,7,1,8,3,2,1,3,7,1
10,103,7,2,8,1,4,3,6,10,1,7,2,4,1
10,1010,1,8,5,4,1,2,3,9,3
10,105,3,4,7,5,8,1,1,3,1
10,101,3,2,3,6,5,3,5,2,9,4,2,1,7
10,102,5,7,5,3,2,2,3,2,2,10,2,6,1
10,109,2,8,5,4,1,1,2,3,3,7,2
10,105,5,2,4,3,8,1,9,5,1,3,2,10,1
10,102,3,7,1,6,6,1,3,10,1,9,1,4,4
10,105,7,3,6,2,10,2,4,6,1
10,102,5,2,5,4,8,3,7,6,1,1,8
10,104,2,5,6,10,2,5,3,7,2
10,1010,2,1,8,7,1,2,5,1,8,8,2,6,3
10,103,5,1,4,4,9,5,1,3,9
10,104,4,9,1,4,3,10,1,10,3,2,5
10,101,9,1,4,1,3,8,7,5,3
10,106,4,2,10,1,4,2,7,5,3,5,2
10,102,1,4,6,3,9,6,2,2,4,2,2,1,10
10,102,4,7,4,3,9,4,3,6,2
10,103,5,2,3,8,2,2,8,5,4,7,2
10,102,6,2,6,2,5,3,10,1,8,5,3
10,103,8,5,6,2,6,5,1,4,4
10,101,3,7,3,3,2,9,1,8,6
10,107,6,9,3,3,3,1,2,7,1
10,103,5,10,2,6,1,6,1,1,2,4,5,9,2
10,109,3,2,3,1,3,3,6,6,2,9,1,4,3
10,104,5,9,4,5,4,1,1,10,1
10,106,3,3,5,8,2,4,3,4,4,1,10
10,101,6,3,3,4,1,6,9,2,5,4,1
10,1010,1,10,2,4,3,1,6,10,1,8,3,1,5
10,103,5,4,4,3,6,6,1,4,8
10,1010,2,7,5,4,3,5,2,2,5
10,1010,3,7,3,9,1,9,2,9,1
10,102,3,7,7,7,2,6,1,3,4
10,106,3,3,4,2,1,3,1,8,5,6,2
10,103,3,6,3,9,6,4,1,1,2
10,108,2,4,3,9,3,10,2,6,2
10,102,4,1,9,1,5,2,10,5,9
10,103,1,2,3,10,5,9,2,1,3,7,1
10,103,9,6,2,6,1,1,7,5,7
10,108,2,2,6,2,4,9,2,8,2,7,2,3,1
10,104,3,4,2,6,7,5,1,9,2,1,2
10,103,7,10,3,4,4,7,1,1,3,2,5
10,101,9,2,9,3,8,2,7,7,2,4,1,4,1
10,107,4,1,8,1,5,8,4,7,2
10,105,2,6,6,3,1,4,4,4,2,2,7
10,103,4,7,4,6,2,8,4,1,3
10,103,2,9,5,9,1,7,3,6,1
10,108,4,7,2,5,3,8,1,2,9
10,103,8,1,2,1,3,5,10,4,2
10,104,4,5,3,10,2,4,5,4,4
10,105,4,7,1,3,4,6,4,2,5,4,1,5,2
10,102,2,6,4,2,3,1,4,3,7,8,3,1,4
10,101,2,9,1,4,8,5,8,4,1
10,108,2,6,2,10,1,4,5,2,4,3,7
10,105,7,1,4,5,3,9,3,2,3
10,107,1,8,4,3,4,2,8,4,5
10,1010,1,5,5,9,2,2,3,9,2,1,2,4,2
10,101,9,7,3,1,9,6,7,2,3
10,105,2,2,7,2,3,3,2,1,7,1,4,4,10
10,106,5,8,1,10,3,1,4,3,5
10,104,3,3,7,1,8,4,9,1,8,1,2
10,106,1,4,2,8,7,9,1,2,4
10,107,6,2,2,6,1,1,2,3,8,9,1
10,101,9,3,3,6,1,6,6,9,3
10,102,7,7,5,7,2,8,2,8,1
10,108,3,9,5,8,1,2,3,4,1
10,102,6,1,3,6,3,7,5,2,5,3,3
10,102,8,3,3,5,7,6,1,8,2,5,1
10,102,3,7,3,7,6,2,5,8,1
10,103,1,6,6,3,7,1,7,5,4
10,101,5,3,5,3,5,10,1,9,3,3,5
10,101,1,4,4,6,5,3,1,1,5,3,8,8,1
10,103,6,4,6,2,7,7,3,10,1
10,102,3,7,6,10,2,10,1,9,1
10,105,7,2,2,8,1,1,2,5,6,8,1
10,104,6,8,2,3,1,1,2,6,7
10,106,8,3,5,3,2,8,2,2,1
10,102,6,1,4,7,2,1,5,1,9,3,8,3,3,1,10
10,108,1,4,1,4,4,9,5,2,4,3,2
10,106,1,7,5,3,4,10,2,1,4,9,1
10,1010,4,5,1,5,2,1,2,1,4,10,1,6,2,3,1
10,109,2,5,2,6,5,3,4,5,3,1,1
10,105,5,10,1,2,4,5,7,4,2
10,104,4,5,2,10,2,3,4,2,8,6,2
10,104,2,2,1,6,5,4,2,8,4,3,2
10,105,3,3,2,4,6,5,1,9,4
10,105,6,10,1,4,1,5,3,9,3
10,107,5,10,1,1,6,9,1,8,2,10,1
10,102,4,5,3,9,1,6,3,10,3,2,3
10,106,3,7,2,9,4,2,6,6,1
10,103,4,1,10,9,5,3,4,1,3,4,1
10,101,3,5,2,7,1,1,6,9,5,5,3
10,101,8,3,1,1,2,4,1,7,3,6,7,1,6
10,104,9,4,6,9,1,2,2,1,4,1,9
10,108,3,7,1,1,8,8,5,7,1
10,108,1,5,7,2,8,3,3,3,6
10,103,3,7,5,1,3,9,3,3,4
10,101,3,1,1,8,9,1,2,8,1
10,108,5,2,1,9,3,1,7,10,1
10,109,1,2,2,9,6,4,1,5,3
10,102,4,7,6,8,3,9,1,3,1
10,103,5,4,5,1,1,3,2,8,3,1,8,6,2
10,103,4,2,9,5,8,9,1,7,1
10,105,1,1,2,3,1,8,1,4,5,6,8
10,101,8,8,6,1,3,7,3,6,1
10,104,2,3,8,1,7,1,9,4,8,2,3
10,102,3,4,7,4,1,2,8,2,10,4,1,2,4
10,101,7,5,3,2,1,9,6,4,2
10,105,6,2,8,1,4,3,8,6,2
10,104,1,2,3,2,8,2,3,6,9
10,102,3,4,2,6,6,1,5,3,4,9,1,10,1
10,101,1,7,3,6,1,8,1,10,4,10,1
10,101,8,2,7,6,5,8,2,6,3
10,102,1,8,2,4,6,3,6,2,6,7,2
10,106,2,4,5,2,10,2,3,1,8,2,10
10,102,2,3,2,4,4,10,2,10,4
10,106,6,1,3,5,4,1,1,5,4,3,2
10,102,6,5,1,5,8,5,3,7,2
10,104,3,1,4,2,4,9,6,4,2
10,103,3,1,5,6,7,2,6,6,3
10,101,5,1,2,4,1,4,10,5,5,5,2
10,105,9,1,4,3,8,9,1,4,1
10,101,1,2,2,6,3,9,5,9,2
10,105,5,1,6,3,3,9,4,2,5
10,109,3,3,3,7,1,6,5,3,2,7,1
10,101,5,1,9,6,10,2,4,2,2
10,102,2,2,2,6,4,3,2,1,9,7,5,4,1
10,101,5,3,2,3,1,9,4,6,2,4,6
10,1010,1,10,3,10,2,6,1,10,2
10,101,4,9,6,5,2,6,2,2,3
10,104,1,10,1,6,2,6,3,9,2,2,5,7,2
10,102,7,9,2,1,5,8,5,9,1
10,107,4,4,1,4,3,7,1,5,5,1,10
10,102,7,1,5,9,3,2,3,6,4,2,5
10,103,8,4,5,3,2,7,4,8,1
10,105,3,9,5,10,2,5,1,1,1
10,108,2,10,3,9,2,2,3,8,2
10,105,1,5,10,1,1,5,4,5,2
10,109,1,7,1,7,6,9,2,1,10
10,105,6,7,2,1,2,5,6,5,2
10,105,2,1,1,2,4,3,5,10,4,4,3
10,101,8,6,6,1,4,7,3,3,4,5,1
10,101,5,7,1,9,1,6,6,4,4,3,1,1,6,2,2
10,104,1,3,7,10,2,6,1,2,4,7,3,3,2
10,104,8,3,3,2,8,3,7,4,2
10,101,7,8,4,6,5,1,8,9,1
10,105,1,10,2,1,8,6,2,8,4,9,1
10,103,1,5,7,4,7,4,1,8,2
10,102,5,6,1,10,2,8,6,2,1
10,101,3,10,5,3,2,1,1,6,4,2,1
10,108,6,1,6,8,1,8,2,8,1
10,101,5,5,3,8,3,4,1,5,6,8,1
10,109,6,8,1,2,1,8,2,6,1
10,103,7,1,1,2,2,10,2,5,8
10,107,2,6,6,3,6,2,3,6,2
10,109,1,2,9,1,9,5,3,5,6,1,5
10,102,3,2,2,9,2,1,8,6,5,10,2
10,101,6,8,5,3,1,6,3,1,2,8,1,9,1
10,103,9,2,9,2,8,3,8,1,1
10,102,2,4,7,6,6,9,1,9,1
10,102,1,9,2,4,5,3,8,7,1,1,9,6,1
10,103,1,8,6,2,8,4,3,7,1
10,102,7,4,7,4,3,6,3,2,7
10,109,1,4,3,10,3,9,1,6,1,8,2,4,1
10,106,2,4,7,3,4,4,1,6,5
10,102,9,1,1,2,2,5,6,8,3,9,1
10,106,5,4,8,10,1,8,1,3,2
10,106,5,1,5,4,3,3,3,6,5
10,106,3,1,2,7,2,4,8,5,4
10,106,7,3,1,4,5,6,3,1,1,1,2
10,109,3,1,6,1,4,4,1,3,4,6,1,3,5,6,2
10,101,2,8,5,2,7,7,1,7,2,3,3
10,107,4,7,1,2,6,6,1,1,3,10,2,4,2,1,2
10,101,10,4,4,6,2,3,4,9,4
10,105,4,4,7,9,1,1,4,5,5
10,103,5,3,2,5,6,7,3,5,1,1,9
10,102,9,9,1,3,7,5,2,4,7
10,105,4,1,3,2,6,2,3,4,5,5,2,5,1,10,1
10,108,6,1,9,4,2,3,1,9,2
10,104,7,2,9,8,1,2,6,2,10
10,101,4,2,9,3,4,4,5,8,4
10,101,3,2,6,5,10,1,1,5,2,5,2
10,108,5,10,1,2,6,6,3,6,1
10,104,7,1,9,3,8,5,1,6,2,8,1
10,102,6,3,3,5,3,3,5,5,7
10,103,5,9,1,1,8,1,9,5,9
10,107,5,3,7,6,3,10,1,1,2
10,108,4,1,6,9,2,9,2,6,2
10,101,4,2,5,7,6,5,1,4,2,1,8,9,1
10,109,1,5,8,8,1,4,6,5,1
10,106,3,6,5,3,9,3,1,4,2
10,104,5,4,2,6,7,10,1,3,2
10,108,4,7,3,1,9,8,2,8,1
10,103,4,6,1,6,5,9,2,10,2
10,102,3,6,8,3,1,1,2,3,5,6,2
10,101,5,2,6,9,2,6,5,7,3
10,103,2,10,3,10,2,10,1,5,4
10,103,2,9,2,10,2,8,2,1,8,9,2
10,106,1,2,8,7,7,1,6,9,1
10,102,3,3,3,3,3,1,2,6,10
10,102,2,5,2,10,4,8,3,4,2
10,102,4,6,4,3,8,5,5,5,1
10,1010,2,7,2,8,1,10,1,3,4,1,4,6,3
10,104,3,2,5,2,4,8,5,8,2
10,107,5,2,2,3,7,3,4,7,2
10,103,1,10,4,1,4,8,4,7,1
10,107,5,1,7,10,1,1,7,9,2,9,1
10,106,2,2,10,2,2,7,6,8,1
10,109,3,6,2,10,1,4,2,3,3,10,2
10,103,7,2,7,3,7,8,3,2,3
10,105,4,9,2,10,4,3,1,1,1,2,2
10,103,9,3,3,5,2,2,10,5,4
10,109,3,9,2,1,6,10,2,7,1,7,1
10,102,3,6,3,7,1,4,9,3,6
10,106,9,2,5,1,4,10,1,1,7
10,103,6,4,5,7,5,6,1,2,3
10,104,1,9,1,4,4,6,6,8,2,2,2
10,104,3,3,1,1,7,3,1,1,10,4,1,3,7,4,2,3,4,5,1
10,102,8,2,7,6,7,5,1,8,1
10,105,7,2,4,5,4,6,2,6,1,4,1
10,104,3,5,6,10,1,1,9,8,3
10,109,2,1,6,10,3,10,1,7,3
10,102,1,9,6,7,1,6,2,10,1
10,102,3,1,4,3,4,1,1,6,7,2,3,9,1,5,1
10,101,7,5,6,1,2,4,8,2,2,5,2
10,104,3,7,1,2,4,4,7,2,3,4,6
10,103,2,2,9,1,7,7,2,5,8
10,101,3,2,8,2,4,6,5,5,4,8,1
10,103,1,1,7,2,7,7,3,3,10,2,5
10,107,1,3,4,5,5,10,2,10,1,5,1,6,1
10,103,2,10,3,2,6,5,6,7,1
10,106,8,10,1,1,1,3,6,8,1
10,104,2,3,6,9,1,5,1,5,3,10,3
10,103,5,2,9,4,8,4,4,2,2
10,104,7,3,5,3,4,5,1,7,3,4,1
10,101,1,4,5,10,4,3,2,3,6
10,106,1,9,5,2,2,5,1,1,7,9,2
10,101,5,5,1,2,3,7,7,10,2
10,103,4,10,4,10,2,4,2,5,1
10,106,5,2,3,9,2,9,3,4,1
10,103,7,2,1,6,5,3,3,1,7,1,1,9,1,3,2
10,108,6,2,4,1,9,4,2,6,2
10,103,5,5,6,2,8,6,2,6,2
10,103,5,2,3,5,5,8,4,7,1
10,104,7,1,3,4,10,1,10,1,4
10,107,7,1,7,1,7,1,10,6,2
10,107,7,2,4,8,2,6,1,3,2
10,103,7,1,1,3,1,6,7,9,2
10,104,4,2,9,3,4,8,2,2,1,7,3
10,101,1,2,10,5,1,3,1,7,8
10,105,7,4,2,3,6,2,3,2,9
10,101,9,4,6,2,5,3,5,5,4,7,1
10,104,2,8,1,6,5,2,7,2,8,9,1
10,106,4,1,9,2,6,2,5,3,10
10,102,4,1,7,6,1,3,5,7,4,3,5,6,1
10,107,1,5,2,6,5,4,7,10,1
10,106,3,5,6,6,1,3,2,5,5
10,109,2,4,2,5,2,5,6,3,3,2,5
10,103,5,6,8,3,5,4,1,3,1
10,103,7,7,1,6,4,1,8,10,2,5,1
10,102,1,9,5,7,1,4,4,5,3
10,105,4,7,4,1,7,3,2,8,2,1,8
10,102,5,7,6,9,1,7,2,10,1
10,101,9,4,8,5,6,7,1,7,1
10,1010,2,9,1,4,4,4,7,6,2
10,105,3,5,6,5,3,1,5,4,5
10,105,5,5,1,3,4,3,5,7,4
10,101,3,1,8,9,2,5,8,2,8
10,101,6,1,3,3,7,1,3,5,5,9,3
10,103,6,1,8,2,3,4,1,4,1,6,1,3,9,4,3
10,109,6,6,2,2,4,3,1,8,1
10,103,3,10,4,3,2,4,5,2,5
10,103,3,5,6,10,2,4,2,9,2
10,105,6,4,5,10,2,9,1,6,1
10,102,3,6,8,5,2,3,1,3,6
10,108,4,8,3,7,2,2,3,9,1
10,103,9,3,4,3,4,6,4,10,1
10,1010,4,1,5,6,5,2,1,8,1
10,109,1,6,5,10,1,6,2,3,8
10,107,6,7,2,10,1,3,3,10,1
10,105,3,4,1,2,4,5,5,1,5,2,4,10,2
10,101,1,4,9,3,6,2,9,4,3
10,102,3,2,4,1,9,6,9,8,1
10,1010,2,2,5,1,3,4,1,6,5,6,3
10,107,1,4,6,5,6,3,2,6,2,3,2
10,101,1,3,2,6,2,9,4,10,3
10,101,4,9,2,9,3,4,4,4,5
10,107,5,1,10,1,9,8,2,5,3
10,104,8,6,1,4,8,6,1,9,1
10,103,7,8,1,6,5,2,3,2,4,1,4,8,1
10,102,1,3,8,7,7,6,1,4,1
10,103,2,1,2,5,7,3,10,4,3
10,105,5,5,3,2,6,8,3,3,3
10,106,4,3,6,5,1,8,4,2,3
10,1010,1,3,1,5,7,4,8,5,1
10,106,5,10,2,4,3,8,1,5,1,10,1
10,106,3,3,8,2,2,1,9,5,6
10,105,9,6,1,2,10,1,7,1,7
10,103,1,3,1,1,6,9,7,10,1
10,106,4,5,3,1,2,2,7,10,2,10,1
10,105,7,4,3,3,1,3,1,4,7,1,4
10,101,2,10,1,7,7,2,5,7,2
10,107,2,4,4,3,10,6,3,7,1
10,1010,2,7,6,1,5,3,2,6,2
10,101,2,4,6,6,7,4,1,4,1,9,1
10,103,1,3,3,2,6,7,7,4,3
10,102,4,2,2,2,10,5,5,7,4
10,102,7,4,2,4,6,7,3,3,6
10,104,4,5,1,3,2,6,1,4,5,5,3,7,1,10,1
10,103,2,2,4,9,4,7,2,2,3,2,5,5,1
10,102,1,3,3,5,4,3,2,8,5,1,8
10,102,8,6,2,1,2,2,4,3,3,8,3,2,7
10,103,3,5,3,1,3,8,5,9,2
10,101,1,6,6,3,4,1,9,9,3
10,105,1,3,2,5,3,9,2,7,3,5,4
10,103,3,5,3,2,9,2,1,6,4,1,6,5,1,6,1
10,109,3,5,4,2,4,10,2,10,1
10,105,1,2,4,5,2,5,8,2,9,2,2
10,103,4,10,6,4,1,7,1,1,2
10,103,1,8,5,4,1,2,5,8,1,5,4
10,107,3,10,2,2,8,8,1,5,4
10,103,1,3,6,5,9,7,1,4,3
10,103,1,4,7,3,4,3,5,9,3
10,101,4,9,6,8,2,9,1,1,2
10,101,9,3,1,8,6,5,3,10,1
10,101,5,6,5,8,2,6,3,2,8
10,102,5,1,1,5,2,8,7,8,1
10,109,3,4,3,3,7,3,1,3,5,7,1
10,103,4,9,1,10,2,2,7,5,6
10,101,1,4,1,7,2,6,2,8,6,3,2
10,101,2,5,9,2,5,4,2,7,1,1,9,4,1
10,104,6,4,4,6,4,3,2,3,5
10,107,6,6,1,8,3,3,3,4,1
10,108,8,2,3,5,1,6,1,4,1
10,102,4,4,1,7,2,8,4,3,1,8,3
10,107,9,3,1,1,3,3,3,7,1
10,101,7,8,6,8,2,2,4,6,1
10,106,1,3,3,3,1,6,6,3,8,7,1
10,102,5,2,6,9,1,3,1,5,6,7,3
10,109,1,5,2,8,6,4,3,6,1
10,106,5,3,6,9,1,10,2,1,8
10,108,2,2,5,7,5,6,1,9,2
10,105,1,1,2,9,6,8,1,8,2
10,105,2,4,3,1,9,4,5,5,4,7,2
10,102,6,1,3,3,1,3,1,8,8
10,108,3,2,6,3,5,9,2,1,4,6,2
10,107,4,2,9,4,6,3,3,6,1
10,1010,5,7,2,2,2,9,1,8,1
10,105,6,2,7,3,4,9,3,2,1
10,102,4,6,6,4,8,6,1,3,1
10,109,4,5,1,10,2,10,1,7,2
10,101,1,1,2,8,9,1,6,1,4
10,102,5,6,3,3,2,9,5,2,3
10,101,8,1,9,8,3,6,6,2,4
10,103,4,6,1,7,4,3,9,2,6
10,104,1,3,2,5,9,3,4,2,9
10,103,5,5,5,2,2,1,3,2,7,8,3
10,104,7,4,4,6,4,8,1,9,1
10,107,5,1,6,1,7,4,4,5,3,6,1
10,107,3,7,4,2,1,8,3,2,5
10,101,5,6,5,3,5,2,5,5,5
10,102,2,9,1,10,4,9,2,1,4,10,1
10,103,8,5,6,10,2,2,2,1,7
10,103,1,1,2,10,4,9,3,1,3,10,1
10,105,3,10,2,1,7,1,7,3,7,7,1,8,1
10,1010,1,1,4,1,2,6,4,9,5
10,101,4,8,2,9,2,2,5,7,1,10,3
10,104,6,8,1,6,2,2,8,7,1,2,5,1,8
10,101,2,4,4,6,5,7,4,8,1
10,108,7,9,2,3,1,6,1,1,1
10,104,2,6,6,2,7,2,10,6,1
10,1010,1,7,7,3,1,4,2,2,7
10,106,4,4,3,3,1,3,9,1,10,8,1
10,102,9,3,2,8,2,1,5,3,3,5,6
10,102,5,1,6,2,1,6,7,8,3
10,102,1,4,1,6,9,2,8,8,1
10,105,4,2,3,3,3,8,2,1,1,8,4
10,105,8,7,2,1,8,4,4,1,6
10,105,8,2,4,10,1,2,4,3,4,6,1
10,106,8,2,7,8,1,2,3,1,8
10,108,4,5,2,8,2,9,1,1,8,9,1
10,102,5,2,6,6,7,10,1,10,1
10,101,5,6,8,1,6,2,10,3,1,1,2
10,105,3,1,3,7,1,10,5,9,1
10,102,8,4,8,4,4,2,4,6,2
10,101,8,3,8,6,7,4,2,2,1
10,102,3,8,3,2,1,4,7,6,4
10,107,6,8,1,1,10,7,3,1,3
10,108,3,7,4,2,1,1,6,9,1,1,1,7,2
10,101,10,3,4,1,2,5,3,7,3,6,4
10,109,3,10,1,2,1,1,9,9,4
10,101,6,2,2,7,1,8,6,1,1,9,2
10,103,3,4,4,9,4,9,2,5,1
10,101,6,10,2,7,4,8,2,7,2
10,102,6,5,8,2,9,1,2,7,1,1,5
10,103,7,5,8,6,1,9,1,4,2
10,101,5,7,6,7,1,9,2,1,4,1,8
10,104,4,4,5,1,2,1,6,5,1,7,5
10,105,4,8,2,1,7,9,1,9,1,5,1,2,3,3,4
10,106,6,3,9,7,1,1,5,9,1
10,102,7,1,8,4,5,3,4,2,2,6,1,4,5
10,105,4,1,8,9,2,10,1,3,7,7,1
10,109,1,8,6,5,2,7,1,1,10
10,1010,3,2,1,1,6,2,2,1,7,5,7
10,103,1,2,6,5,9,9,1,3,5
10,107,2,1,4,2,6,2,8,6,4,7,2
10,102,2,9,1,4,8,4,7,1,10,1,1
10,107,9,1,1,1,4,2,3,10,1
10,104,1,7,8,3,3,9,1,6,1
10,102,9,1,7,10,1,6,7,4,1,3,1
10,107,6,1,6,2,6,4,1,10,2
10,109,1,5,8,1,5,6,1,4,6
10,102,2,5,2,5,2,5,3,9,5
10,103,9,3,6,1,5,6,3,4,4
10,1010,2,5,6,4,5,8,1,6,1
10,103,1,5,2,4,4,5,9,10,1
10,108,2,1,8,5,1,5,2,6,1,5,1,7,2,2,10
10,103,8,4,7,1,4,7,2,10,1,1,4
10,109,4,10,1,7,4,1,8,1,2
10,104,6,1,8,10,2,3,4,4,3,4,2
10,105,4,5,9,2,3,3,1,5,2
10,104,1,5,5,3,8,9,2,3,1,5,2
10,1010,3,8,1,5,3,9,1,8,2,1,6
10,102,7,2,1,7,1,6,2,6,7,2,3,1,1
10,102,4,1,10,5,7,1,4,9,3
10,1010,1,10,6,1,1,2,2,3,3
10,108,6,5,2,2,3,2,6,4,2
10,107,9,3,1,3,1,7,1,1,8
10,104,5,5,3,3,8,3,5,5,2
10,103,9,1,6,4,8,9,1,2,4,2,1
10,104,3,10,4,9,1,5,4,3,1
10,104,9,5,5,5,2,7,1,6,1
10,103,7,10,1,4,4,9,2,4,3,1,7
10,109,3,2,3,1,6,9,4,7,1,1,2
10,103,5,4,4,1,3,7,6,4,2
10,105,3,5,7,1,8,2,3,2,10
10,1010,5,3,1,2,2,5,4,7,1
10,102,4,4,7,1,4,4,9,4,2
10,106,8,1,8,1,2,3,3,1,5,4,2,1,4
10,1010,4,2,1,10,1,4,2,6,4
10,105,2,5,8,3,5,9,1,10,1
10,104,8,4,8,8,1,6,1,6,1
10,109,4,2,1,2,3,6,1,5,1,10,2,3,3
10,1010,2,3,6,3,5,3,8,7,1
10,105,4,3,1,6,4,1,5,1,9,8,2,1,3,2,2
10,106,6,3,8,4,4,4,1,2,2
10,103,3,5,2,3,2,1,10,8,3,5,5
10,101,1,6,8,3,5,2,1,9,2
10,106,1,1,8,7,2,2,4,4,1,2,7,8,1,2,1,7,2,3,2
10,101,5,6,10,1,2,3,3,1,8
10,104,4,3,2,9,4,1,9,2,4,9,1
10,105,3,2,4,5,5,3,6,6,3
10,103,6,4,6,2,4,1,6,7,4
10,102,6,1,2,8,5,9,2,4,3
10,102,2,6,4,6,2,4,8,3,4
10,106,4,9,4,1,5,3,2,1,3,10,1
10,1010,4,5,3,7,1,3,6,1,4
10,105,5,3,9,7,2,5,3,3,1
10,104,2,1,7,5,6,9,4,3,1
10,1010,4,4,4,6,2,7,1,9,1
10,103,4,9,2,6,6,9,1,9,1
10,108,7,9,1,2,6,1,1,6,1
10,106,2,2,10,1,8,7,2,5,6
10,102,6,6,5,8,3,8,1,10,1
10,102,4,5,5,1,3,2,3,6,1,9,4
10,108,7,1,7,5,1,1,10,6,1
10,106,5,2,1,2,1,1,9,7,3,2,10
10,104,4,4,8,4,1,10,2,2,6
10,108,4,7,1,6,1,10,3,9,1
10,102,4,4,5,8,1,4,3,10,1,1,5,3,7
10,1010,3,9,1,6,2,2,5,1,5,6,3
10,107,2,8,1,8,2,4,5,1,8,3,6
10,103,10,6,2,3,5,1,9,6,3
10,105,2,4,3,5,2,8,1,4,6,4,1,4,4
10,101,6,5,1,8,4,8,4,9,1
10,108,1,2,5,5,8,2,7,3,4
10,102,3,6,8,10,2,2,1,2,4
10,104,5,10,1,3,8,7,2,3,2,10,1
10,102,7,6,1,6,4,2,3,2,7,10,2
10,104,8,2,4,2,7,10,1,2,8,2,2
10,104,5,10,2,8,3,2,7,6,1
10,109,3,7,5,1,6,6,1,10,1
10,109,1,7,7,9,1,4,1,1,10,3,1
10,104,3,3,8,8,2,4,1,7,4
10,105,3,9,4,3,2,1,9,9,2
10,101,3,5,3,3,9,9,1,6,5
10,102,5,2,6,9,2,5,5,5,2,1,3,3,2
10,101,5,3,8,2,5,3,2,7,5,1,4
10,104,1,4,3,10,2,6,2,7,3,5,3
10,104,5,2,1,3,9,4,1,1,6,5,5
10,105,5,2,8,3,1,9,1,1,9,2,1,5,4
10,101,6,4,7,8,3,1,10,4,4
10,106,7,6,2,2,9,6,1,1,6
10,101,2,2,1,2,3,2,4,10,6,3,2
10,102,5,7,7,7,2,2,1,9,1
10,101,8,4,5,2,3,5,7,5,3
10,106,4,8,4,4,2,6,2,1,8
10,104,5,1,9,1,10,3,5,6,5
10,109,2,1,3,5,3,8,5,1,8
10,106,3,3,4,4,1,2,3,8,3,4,5
10,108,2,8,3,5,2,1,5,1,8,6,1,5,3
10,103,6,3,3,3,3,6,7,6,1
10,101,5,8,3,6,2,1,8,2,5,5,5
10,109,3,1,5,10,1,5,2,8,4
10,102,1,1,4,6,9,2,3,3,6
10,102,10,2,3,1,2,4,1,1,10,7,6
10,102,2,1,10,7,1,1,8,8,3,2,3,5,3,5,2
10,101,3,10,4,9,2,5,1,9,2
10,104,10,6,1,1,6,3,1,5,1,6,3,3,2
10,101,3,9,5,6,4,8,1,4,1
10,104,9,1,4,2,2,6,4,2,5,6,1
10,106,3,2,7,1,4,10,1,6,4,6,1,8,1
10,103,6,1,4,10,1,6,7,10,1
10,109,4,9,3,4,3,4,1,4,1
10,103,1,8,3,8,2,1,7,7,4,5,1
10,103,4,6,2,7,3,1,8,6,5
10,101,4,5,9,2,4,2,9,8,1
10,102,5,6,3,10,1,3,4,1,7,2,9,1,8
10,108,7,4,2,1,9,1,3,7,1
10,102,5,7,1,4,6,5,3,9,1,8,1,10,1
10,103,1,4,7,7,1,5,7,10,1
10,105,5,7,4,1,1,3,3,4,2,1,1,1,4,7,1
10,108,1,5,5,4,9,4,2,6,1
10,105,3,3,2,7,6,5,2,10,1
10,107,1,3,1,8,7,2,4,9,1
10,108,7,5,2,2,4,3,1,6,1
10,104,5,5,1,1,6,6,2,8,2,4,6
10,104,4,6,4,9,3,4,1,6,2
10,105,2,2,8,2,3,5,3,2,4,1,8,2,10
10,108,1,5,1,10,2,1,8,1,6,6,6
10,107,7,1,10,2,6,8,1,4,1
10,101,4,6,7,9,3,2,2,1,6
10,104,4,5,5,2,6,1,8,2,7,4,2
10,106,6,5,1,9,2,1,8,2,8
10,107,3,3,6,5,1,3,5,9,2,6,1
10,101,8,2,5,6,9,8,1,1,3
10,102,4,1,5,2,4,2,2,3,5,9,4,1,7
10,103,4,7,2,7,3,10,3,1,4,1,2
10,104,2,4,4,6,4,3,9,1,8
10,103,4,3,5,7,2,5,3,9,3
10,105,1,6,8,9,1,2,3,3,5
10,106,2,2,10,6,7,1,2,1,7
10,104,3,4,1,6,7,9,2,7,1
10,105,2,2,9,3,3,5,7,2,1,3,3
10,102,2,1,2,10,4,1,1,7,4,8,1
10,106,2,3,2,5,3,10,1,10,4
10,108,4,3,1,1,4,10,2,8,3
10,101,10,3,6,7,4,3,3,3,6
10,102,10,3,7,4,8,4,1,6,1
10,109,3,1,8,7,6,1,2,4,1
10,104,6,1,5,4,3,10,3,4,3
10,109,2,2,6,5,3,3,2,8,4
10,1010,2,4,7,1,3,2,8,2,8
10,1010,1,4,4,5,1,6,4,1,4,3,8
10,108,4,2,2,10,4,1,3,1,4
10,106,9,1,10,3,4,1,1,1,6
10,104,4,1,1,10,1,1,6,10,2,1,6,8,3
10,108,5,7,1,5,2,10,2,3,2
10,102,2,2,2,8,7,10,1,9,1
10,109,2,9,3,6,2,8,2,2,5
10,101,5,2,8,1,4,7,8,2,1
10,101,4,8,2,4,3,9,1,4,5,7,2,4,2
10,105,2,2,9,1,9,4,1,7,6
10,108,3,9,1,10,3,2,6,8,1
10,101,1,3,5,3,5,1,4,2,3,10,3,6,2
10,101,3,3,4,6,4,4,9,8,1
10,102,4,1,8,5,5,6,4,4,1,4,2,6,1
10,103,2,7,2,7,5,2,8,4,3
10,103,1,4,3,8,7,2,3,6,1
10,103,4,1,8,10,1,4,8,2,8,1,5
10,103,3,4,10,6,1,3,1,5,5
10,1010,1,5,5,3,6,10,2,10,1
10,107,8,2,3,3,1,6,2,2,3
10,102,1,2,5,7,5,10,3,6,1
10,103,7,2,4,1,3,6,1,5,9
10,102,5,3,3,5,1,3,4,1,1,4,7,2,9
10,104,5,7,1,8,4,4,4,1,8
10,105,6,4,2,3,4,4,7,5,1
10,104,6,7,1,6,3,6,3,8,2
10,103,2,9,1,3,8,4,5,3,8
10,105,4,1,6,1,7,7,5,3,5
10,102,2,4,6,1,1,2,4,6,4,4,3,10,1
10,102,9,6,5,2,8,5,3,1,4
10,103,8,2,5,3,5,3,8,5,2
10,104,2,1,8,1,1,2,7,4,10,4,3
10,102,5,7,1,2,3,8,7,4,1
10,103,7,3,6,7,3,5,1,6,3
10,103,6,4,1,5,3,3,2,8,1,4,8
10,101,7,2,6,1,3,5,1,5,4,4,9
10,106,7,2,1,2,8,5,1,9,2
10,101,7,6,2,10,3,1,6,7,4
10,104,1,3,1,5,2,2,10,8,3,2,1,4,5
10,103,4,6,2,3,1,8,1,2,4,10,4
10,107,4,5,4,4,3,9,2,1,5
10,105,6,1,2,5,3,7,3,5,3
10,105,10,2,2,5,3,1,2,4,3
10,105,3,4,4,2,6,2,4,8,2,2,6,4,1
10,109,1,3,2,4,6,4,2,6,6
10,101,5,3,6,3,6,6,1,8,3,4,3
10,107,2,3,10,7,3,5,2,4,2
10,102,5,8,2,5,1,2,2,8,6
10,102,9,1,10,2,2,6,8,3,1
10,109,2,3,6,1,5,7,1,5,7
10,103,2,7,5,9,4,3,1,3,1
10,105,1,2,1,4,7,3,6,3,10
10,104,4,5,8,1,8,1,5,7,2
10,101,3,7,5,1,3,5,1,7,1,10,3
10,107,3,8,6,1,2,10,1,2,1
10,108,2,1,2,8,6,1,2,1,7,8,1
10,102,7,1,10,5,5,2,5,6,1,6,3
10,105,4,10,4,3,3,1,4,10,1
10,103,9,1,6,8,1,6,6,6,1
10,101,6,4,6,1,9,8,1,3,8,10,1,2,1
10,107,5,4,4,1,6,1,6,4,5
10,104,8,4,10,1,3,6,1,1,2
10,104,2,1,9,2,1,4,7,3,5,7,3
10,102,6,1,5,10,2,7,1,5,3,1,8,8,2
10,109,2,4,2,3,1,4,1,10,5
10,101,5,5,2,5,8,8,2,4,3
10,103,3,1,5,2,4,6,9,7,1
10,105,5,5,3,9,2,5,2,3,5
10,102,5,3,4,10,1,4,7,1,5,3,6
10,101,9,2,2,3,8,4,8,9,1,1,5
10,102,6,4,3,3,7,8,2,7,2,8,1
10,107,1,3,6,8,1,8,3,4,4,5,1,1,5
10,101,2,1,7,2,9,1,4,2,2,6,4,8,3
10,106,4,7,2,4,4,10,1,5,2,3,3
10,103,6,6,6,1,3,1,4,1,7,5,3
10,109,2,5,4,1,2,3,1,5,8
10,107,2,4,3,2,6,3,5,10,3
10,104,5,4,8,5,3,8,1,2,4
10,108,3,6,5,9,2,3,1,4,2
10,104,1,3,1,3,4,10,6,2,2
10,102,6,1,7,6,6,9,2,4,1,6,1
10,104,4,4,6,9,1,1,8,9,2,8,1
10,106,4,10,1,5,1,9,2,8,1,3,2,1,2,10,1
10,103,9,1,1,2,7,4,8,9,1
10,104,5,1,3,2,4,3,1,6,6,7,1,3,2
10,105,1,3,9,2,4,3,1,5,8
10,104,6,4,7,1,4,7,3,1,6
10,101,10,6,9,2,3,1,8,5,1
10,104,3,3,1,5,4,9,4,10,1,2,1
10,103,3,6,7,10,2,1,3,9,1
10,102,1,3,8,5,2,7,5,1,3,9,1
10,102,7,6,5,1,1,6,1,8,4
10,102,7,10,2,2,3,4,4,1,6,7,3
10,104,2,7,4,7,4,2,7,5,1
10,103,3,3,1,3,2,2,7,10,3,3,7
10,102,10,7,6,6,2,1,3,1,6
10,101,3,9,6,9,1,5,2,7,1
10,106,3,3,7,9,2,1,4,1,10,4,3
10,102,3,2,5,2,7,1,1,6,7,10,1
10,105,5,4,2,8,2,4,1,10,3
10,109,2,5,4,3,3,10,3,6,1
10,107,3,2,2,4,6,3,4,8,1,1,9,3,1,1,2
10,102,10,4,4,2,1,6,2,4,5,6,1,7,1
10,103,5,5,6,5,3,7,1,4,4
10,108,6,9,1,2,4,4,3,6,1
10,108,1,3,3,4,4,10,4,10,1
10,103,1,4,1,1,5,8,1,10,1,5,7,1,6,2,6
10,107,4,1,2,10,3,10,2,1,3
10,103,4,6,2,1,4,9,4,5,3,1,4
10,109,1,4,2,3,2,5,4,10,4
10,103,4,5,8,4,5,7,1,3,1
10,102,1,6,3,3,4,8,5,10,1
10,101,8,3,4,1,9,4,9,1,7,5,2
10,102,6,2,2,2,3,3,4,4,8,5,2,6,1
10,105,7,8,1,5,2,5,5,4,1
10,108,1,2,3,10,2,10,3,9,2
10,103,10,3,1,3,1,3,6,4,7
10,102,3,3,3,3,3,1,5,10,3,4,2,6,1,9,1
10,101,10,1,3,5,4,1,9,8,5
10,101,3,10,6,2,2,5,1,5,2
10,106,5,3,1,3,3,2,4,3,10,2,1
10,101,9,4,8,1,9,2,5,2,4,5,1,9,1
10,102,3,7,4,9,1,1,4,7,5
10,103,6,10,1,6,3,4,1,4,1,7,4
10,105,6,2,4,4,5,8,2,8,1
10,106,1,2,9,1,10,6,3,5,6
10,104,3,4,7,3,3,2,4,5,5
10,102,3,3,4,3,2,7,6,2,8
10,105,2,2,7,1,9,6,4,1,10,5,3
10,104,6,2,1,5,2,5,5,2,1,4,4,3,1
10,105,4,8,3,3,4,6,1,10,2
10,102,6,1,3,3,1,4,1,6,5,6,5
10,104,3,7,1,10,3,3,4,7,3
10,102,3,3,6,3,2,1,8,6,5,7,2
10,102,2,4,3,2,8,3,10,4,5
10,102,5,1,1,10,2,8,6,3,1
10,104,8,1,8,2,4,4,1,4,5,10,1
10,101,8,3,2,10,1,2,3,2,5,5,2,2,4,8,3
10,104,5,2,8,2,10,7,2,6,2
10,105,5,4,7,1,6,4,5,3,1
10,105,8,1,3,2,7,9,1,7,1,1,9
10,109,1,6,1,5,4,1,7,3,9,6,2,1,1
10,105,6,4,2,2,4,3,4,6,4
10,101,1,5,10,1,7,1,6,3,6
10,106,2,2,5,4,3,9,1,3,1,9,2,6,3
10,102,2,3,2,7,7,8,2,7,1
10,106,3,2,1,9,4,9,2,4,2
10,104,7,3,5,10,2,2,6,7,1
10,104,1,4,10,1,8,3,7,6,1,1,1,1,2
10,102,5,4,4,2,10,8,1,4,7
10,1010,3,7,4,2,7,5,1,5,1
10,106,1,5,7,2,3,3,7,7,2
10,101,7,2,8,7,3,8,2,8,1,6,1,1,5,3,1
10,104,6,6,5,10,1,6,1,2,3,6,1
10,106,2,7,5,5,3,2,5,5,2
10,1010,1,6,2,7,2,4,7,3,1,5,3
10,109,6,8,1,5,3,1,2,1,3
10,102,1,7,6,3,4,2,6,7,2
10,101,4,5,3,7,6,7,1,2,7
10,101,1,1,2,2,6,7,5,8,4
10,101,3,4,1,4,2,9,3,10,4
10,103,3,4,3,2,2,5,6,9,1,10,1,1,8
10,104,3,1,4,1,1,8,3,5,5,8,2
10,104,2,2,7,4,8,5,2,3,6
10,101,5,6,7,2,1,9,3,1,6
10,101,5,1,4,4,5,3,4,2,4,9,2,3,5
10,106,3,2,9,5,6,2,2,2,2,8,1
10,104,3,6,3,1,7,4,4,2,4,7,3
10,106,3,3,5,5,2,9,1,2,3,1,2,1,8,4,2,6,1
10,101,5,4,5,1,10,9,3,1,1,7,2,1,5
10,106,7,1,1,6,3,1,9,2,6
10,105,4,5,5,1,4,3,7,2,6
10,105,8,1,8,4,1,3,4,9,2
10,102,3,5,2,4,4,5,9,5,1
10,105,6,3,6,8,3,6,1,4,1
10,106,1,6,4,3,7,9,1,3,5,7,1
10,101,6,6,3,6,4,1,10,6,3,3,2
10,106,1,8,1,4,5,6,2,4,9
10,104,1,5,9,7,1,5,4,3,2
10,104,3,6,5,4,3,10,1,6,3
10,106,2,9,4,9,2,2,3,10,1
10,103,9,4,6,4,4,3,1,2,6
10,103,3,6,5,2,10,1,9,7,2
10,105,1,1,3,2,8,6,8,2,5
10,104,4,4,7,4,4,6,2,5,2
10,101,5,1,6,2,10,5,7,2,4,8,1
10,105,3,1,1,3,6,8,2,6,5,2,1
10,103,4,5,4,3,9,10,1,1,7,3,2
10,103,3,4,4,7,5,3,1,3,5,4,1
10,101,9,7,4,7,3,2,5,2,7
10,103,1,7,8,1,4,5,2,1,9
10,105,2,6,1,2,10,6,5,8,2
10,104,2,2,2,9,1,5,5,4,9
10,104,7,2,9,3,6,1,4,8,1,6,1
10,105,1,1,3,10,2,6,7,3,4
10,109,4,3,3,7,1,6,3,3,4
10,102,7,2,3,10,3,8,1,4,6
10,107,7,5,2,1,7,1,3,2,3,7,1
10,103,6,10,2,1,1,3,5,5,3,1,3,5,2
10,102,2,3,9,5,6,10,1,3,1,1,8
10,107,3,1,1,3,8,10,1,10,1,4,4
10,105,5,3,6,1,9,4,3,9,2
10,105,7,1,5,10,2,3,4,6,1,1,4
10,102,1,10,2,3,3,9,1,6,7
10,103,10,1,10,4,7,5,2,2,2
10,101,8,7,6,2,3,8,3,2,1
10,101,9,8,3,1,10,4,1,4,7,1,7
10,104,4,9,5,1,7,10,1,1,4
10,102,5,1,5,3,5,5,6,3,4,5,2
10,104,10,3,3,5,5,3,2,2,1
10,106,5,8,4,1,5,2,7,1,1
10,104,2,8,3,1,9,10,1,2,2,4,6,1,3
10,101,10,2,1,2,6,4,3,1,4,5,7,1,7
10,101,10,4,1,1,2,3,5,5,5,7,2,6,1,6,1
10,102,7,3,6,6,1,3,5,5,5,1,4
10,104,4,3,10,2,1,5,4,7,2
10,101,2,7,8,6,2,2,3,2,3
10,105,3,10,1,9,4,3,3,3,2,6,1
10,105,3,10,1,2,1,9,6,1,1
10,104,5,2,2,6,2,5,6,4,4
10,104,3,2,7,3,4,6,1,9,3,6,1,1,5
10,108,7,6,1,2,6,2,1,2,3
10,101,6,10,4,3,5,1,6,3,5
10,104,3,3,1,9,3,9,2,5,3,7,1
10,102,3,7,4,3,2,9,3,7,1,8,1
10,104,2,4,5,5,3,1,10,7,3,8,1
10,107,8,6,2,1,9,1,1,4,1
10,102,8,7,2,5,6,2,3,1,7,9,1
10,107,1,3,4,1,9,4,6,2,10,2,5
10,101,9,2,10,3,9,1,2,3,8
10,106,5,4,2,9,3,9,1,8,1
10,107,6,1,5,9,3,1,3,1,5
10,104,4,7,2,3,8,2,4,2,10
10,103,2,2,6,7,2,3,8,3,2,2,10
10,107,4,2,1,6,4,2,6,7,2,2,1
10,104,5,2,5,4,9,1,2,2,7
10,101,10,2,6,6,7,3,3,9,1
10,103,4,3,8,7,2,9,2,7,2
10,104,2,7,5,5,3,1,4,10,2
10,103,4,8,4,9,1,2,4,7,1,1,4,10,1
10,106,1,10,1,1,4,1,2,6,8,2,6
10,106,7,4,1,4,1,3,2,8,2,10,1
10,106,2,7,4,6,1,8,2,2,10
10,103,1,1,5,2,10,2,1,4,4,3,4,8,3
10,105,5,10,2,7,2,1,2,5,3,3,2
10,105,6,2,1,9,2,2,4,4,4,8,1
10,103,8,4,7,4,3,6,2,1,6
10,103,3,2,4,1,4,4,4,9,5
10,104,4,10,4,4,1,5,2,1,3,9,1
10,104,3,4,3,10,1,5,6,9,2
10,102,8,4,6,8,3,6,1,2,6
10,107,1,7,3,2,6,7,1,7,5
10,108,1,9,4,10,1,4,4,4,3
10,1010,3,7,1,10,2,6,3,7,1
10,103,7,2,2,4,6,4,1,1,9,1,2,9,2
10,103,7,8,1,3,1,4,1,1,7,6,4,3,5
10,104,9,3,2,5,1,5,5,2,5
10,104,4,5,1,2,10,7,5,2,3
10,103,1,10,5,5,2,4,3,7,1
10,101,6,3,8,4,4,7,4,8,1
10,101,7,6,2,10,1,9,5,4,2
10,1010,2,2,8,3,4,2,1,4,8
10,105,4,5,3,4,8,1,8,7,1
10,102,9,5,3,2,7,6,3,8,1,1,9
10,106,2,4,6,5,4,10,2,6,1
10,104,5,4,2,1,3,8,2,5,7
10,107,2,10,3,8,2,4,1,6,3
10,102,5,7,4,6,5,1,10,1,4
10,102,6,7,4,9,3,10,1,2,2
10,102,7,3,5,2,6,2,6,7,4
10,104,5,1,1,4,8,9,2,2,2,3,2
10,102,5,1,3,4,5,6,2,2,10,2,8
10,105,5,9,4,5,1,1,7,8,1
10,109,1,7,1,9,5,2,2,8,2
10,104,3,4,5,1,3,4,9,1,10
10,106,1,8,2,3,7,7,2,6,4
10,106,1,10,3,7,4,5,1,3,4
10,105,3,1,9,3,2,6,5,3,7
10,102,9,2,10,4,6,8,1,2,1,1,9
10,105,6,2,7,3,3,8,1,2,7,3,2
10,101,6,5,3,2,7,5,1,5,6,1,4,7,1
10,104,4,7,5,2,6,1,4,1,6,4,2
10,103,2,3,3,4,7,6,3,4,5
10,102,9,2,6,5,9,2,1,4,1
10,105,7,1,10,4,5,8,1,8,1
10,106,5,4,1,8,2,3,7,5,2
10,108,5,6,1,3,5,6,1,7,2
10,108,2,9,5,2,4,8,1,4,1
10,107,1,1,9,7,5,4,1,6,4,2,1
10,101,8,2,7,5,10,2,2,5,1
10,105,4,1,10,7,6,1,1,1,8
10,105,7,3,4,4,3,2,7,8,1
10,103,8,4,9,9,1,1,6,6,1
10,104,6,7,2,8,2,3,6,1,9
10,103,8,6,2,5,7,2,1,3,2,2,1
10,108,4,10,1,3,2,3,3,1,4,4,5
10,108,2,8,3,1,5,3,4,4,5,4,1
10,108,3,6,6,3,4,2,4,1,1
10,101,7,5,5,6,1,2,5,6,1,9,3
10,105,6,3,9,2,3,3,2,4,3
10,107,5,7,4,1,9,2,1,7,1
10,105,6,6,1,1,9,2,10,8,1,4,2
10,104,9,1,3,4,4,2,6,2,7
10,105,1,4,2,4,3,4,10,4,4
10,104,2,3,5,9,2,4,3,7,4
10,103,5,6,2,3,3,9,3,9,2
10,103,1,2,4,3,4,4,4,3,1,1,9,3,10
10,104,5,3,6,1,1,3,5,9,2,9,1
10,108,1,8,7,1,4,8,1,1,5
10,1010,2,4,4,1,3,8,3,9,1,1,7,2,1
10,108,6,3,2,5,3,8,1,2,2
10,101,9,9,4,5,5,1,2,9,1
10,108,6,4,3,3,3,1,5,7,1
10,108,4,9,2,5,1,2,4,9,2
10,105,1,5,4,3,6,1,9,2,10,3,3
10,1010,4,4,2,6,1,4,6,1,3
10,102,9,5,3,5,2,7,4,10,1
10,101,3,3,3,8,3,7,1,8,3,4,3,2,1
10,102,4,1,1,2,6,1,6,3,3,5,9
10,102,4,7,4,3,7,2,1,7,2,4,2
10,101,3,4,3,3,7,3,3,4,9
10,104,4,10,3,6,1,8,1,9,1,2,6
10,102,4,3,3,9,3,4,4,7,3
10,109,2,6,1,6,6,1,9,4,1,2,4
10,104,6,4,2,4,6,10,1,5,3
10,104,1,5,1,2,4,1,10,4,2,6,6,1,7,3,1
10,105,4,10,1,7,4,1,3,4,5
10,109,1,9,5,2,1,1,7,6,2,6,1
10,104,7,1,9,2,2,8,2,3,8
10,103,2,8,4,10,1,1,3,10,3
10,102,5,4,10,1,10,1,9,2,6
10,103,4,1,1,6,8,2,2,4,4
10,1010,1,4,1,9,3,5,2,10,3
10,102,7,3,3,9,3,4,5,1,5,2,3
10,101,6,2,4,7,5,6,4,1,8
10,103,5,2,3,1,2,7,4,10,3
10,101,1,5,3,8,1,9,3,10,3
10,1010,2,3,5,3,4,10,3,4,1
10,104,2,2,7,3,2,7,4,5,5
10,103,6,7,6,5,1,4,2,8,1
10,101,5,4,5,2,10,4,3,4,6
10,107,2,7,2,1,9,5,1,1,7,8,4
10,104,3,2,4,2,10,1,7,3,3,3,7,2,1,2,1
10,101,7,4,9,5,5,4,1,9,1
10,106,1,7,5,2,4,2,7,6,3
10,106,6,10,2,1,4,2,4,1,4,3,3
10,101,9,1,6,2,6,7,4,5,4,3,2
10,1010,2,3,5,2,3,4,4,3,8
10,104,5,4,8,1,9,7,2,3,2
10,103,4,6,5,9,1,1,9,4,3,9,1
10,108,2,10,1,10,2,3,1,8,4
10,102,2,2,5,1,3,10,3,5,6,4,1
10,101,2,7,5,1,1,8,5,1,3
10,102,2,1,4,5,2,3,3,9,6
10,107,1,6,1,6,4,8,4,3,4
10,105,3,1,6,7,6,4,3,2,3
10,102,6,6,1,1,7,6,7,1,8,2,3
10,105,4,5,4,1,7,3,6,8,1,8,1
10,106,8,3,4,9,1,1,8,2,2
10,104,1,1,3,5,1,3,2,9,7
10,101,3,5,6,1,10,2,7,8,3
10,103,3,1,7,4,5,7,2,1,9,2,6,10,1
10,101,10,3,4,6,7,8,1,2,2,5,1
10,105,4,9,2,10,1,4,3,7,3
10,103,7,7,3,10,2,3,1,4,4
10,104,8,4,3,5,2,3,5,3,4
10,108,6,1,9,2,2,2,3,7,2
10,101,4,1,7,6,2,6,4,1,6,7,1,7,3
10,101,2,2,6,7,1,10,2,8,5
10,105,2,1,1,5,6,1,5,8,1,1,1,10,2,3,2
10,105,1,5,5,8,1,3,8,7,1,2,6
10,102,2,7,1,1,6,8,4,8,4
10,108,3,1,1,4,2,6,3,10,3
10,104,2,10,4,6,4,7,1,1,2
10,109,3,1,7,8,4,7,1,8,1
10,101,2,8,2,1,3,10,3,8,3,2,3
10,101,4,8,4,6,4,2,10,1,1
10,102,6,2,4,1,10,1,2,7,7
10,103,5,9,1,2,2,8,4,3,5,2,3
10,107,1,6,3,8,4,5,2,1,6,4,1,2,2
10,101,4,5,4,6,1,10,3,3,7
10,101,4,6,4,4,3,7,3,10,2
10,105,6,5,1,3,7,10,1,7,2
10,103,5,4,8,6,1,1,6,1,7,7,2
10,104,4,3,10,1,7,2,7,4,2,5,1
10,102,6,7,4,9,3,2,3,7,1
10,101,10,3,3,1,1,9,3,8,3,9,1
10,105,4,8,3,2,8,8,1,3,4
10,103,8,5,2,4,8,6,2,2,1
10,109,2,4,6,4,5,8,2,1,2
10,101,2,4,7,3,9,1,4,6,2,7,1
10,103,3,1,9,2,7,7,4,4,5
10,108,4,2,3,9,1,9,3,1,6
10,102,8,4,7,10,1,2,1,4,6
10,101,8,5,9,5,1,4,3,10,1
10,104,1,4,6,8,2,6,3,6,3
10,103,7,1,2,6,4,9,1,7,2,9,1,1,1
10,108,5,9,1,6,3,4,1,9,1
10,109,2,6,2,1,10,5,6,4,2,1,2
10,104,8,2,4,4,2,4,2,3,8
10,101,7,3,3,7,4,4,4,10,2
10,102,1,2,5,5,2,1,4,10,5,4,1
10,102,8,4,1,7,4,5,5,7,1
10,109,4,8,1,6,3,8,1,1,10
10,101,7,2,5,1,3,5,5,10,3,5,1
10,106,2,1,3,7,3,1,3,9,3,2,7
10,109,1,2,7,3,6,1,7,3,9,1,5
10,101,6,3,7,3,10,7,3,1,2
10,103,2,6,1,5,9,4,2,5,3
10,101,6,1,4,7,8,4,1,10,1
10,102,4,1,6,3,1,7,4,8,1,3,9
10,104,2,5,4,1,7,4,10,5,1
10,106,2,2,10,7,2,5,4,7,2
10,104,3,5,4,3,5,8,3,4,1,1,5
10,106,1,4,3,4,8,3,2,4,6
10,101,6,5,2,3,5,5,5,6,4
10,102,8,4,4,2,10,6,1,2,6,2,5
10,103,5,2,6,6,3,3,5,10,2
10,105,7,4,1,9,3,1,4,5,2
10,108,2,3,4,4,5,6,1,1,6,2,10
10,103,4,2,2,8,2,5,8,1,8
10,107,2,8,1,2,10,1,2,3,4,8,3
10,104,5,5,3,4,1,2,1,3,6,7,3
10,102,4,1,8,2,8,7,2,7,4,6,1
10,1010,1,4,7,1,4,4,8,6,1
10,101,1,4,3,2,10,3,6,1,5,8,3
10,101,5,6,10,3,4,1,1,1,2
10,104,10,2,1,1,10,3,8,1,4
10,105,4,1,9,4,9,5,1,10,1
10,104,4,1,8,9,4,3,2,7,2
10,103,2,4,4,9,5,8,1,1,5
10,105,3,7,2,1,5,2,3,5,2,10,1,3,4,8,1
10,102,8,3,5,3,1,8,2,5,6
10,104,6,5,3,4,8,1,1,4,2
10,108,1,8,4,1,4,8,3,6,2
10,103,5,4,3,7,5,10,1,2,4
10,101,5,4,3,7,3,1,7,7,1,10,1,9,1,9,1
10,101,6,5,6,4,4,5,2,9,2
10,103,1,7,2,8,2,7,1,10,4
10,102,1,2,3,2,9,2,1,6,1,3,10,4,4
10,104,3,1,7,9,1,6,3,8,2,6,3
10,103,3,5,7,2,5,7,1,8,2,3,1
10,102,7,2,5,5,5,8,3,7,1
10,101,1,8,2,1,1,9,3,7,5
10,101,4,1,9,3,8,1,5,6,4,7,2
10,104,4,2,10,7,4,6,1,1,10
10,101,5,5,7,3,1,5,2,3,9
10,107,1,8,3,8,1,7,3,10,2
10,103,1,6,2,6,7,9,1,2,4,1,3,3,1
10,105,4,1,4,1,6,8,5,10,1
10,109,2,10,2,3,4,8,1,7,1,3,5
10,102,5,7,1,7,1,10,1,6,4,6,2,10,1
10,102,2,2,8,5,7,9,1,10,1,6,1
10,105,5,3,7,1,6,7,1,7,3
10,104,7,8,1,1,7,2,1,3,5,5,4
10,101,8,5,6,2,9,2,2,5,2,10,1
10,108,3,5,4,8,1,1,8,10,2
10,103,9,9,1,2,4,3,5,7,3
10,103,2,4,10,4,4,2,1,4,4
10,103,6,2,7,9,2,3,2,4,6
10,108,2,3,5,6,6,2,4,1,5
10,103,3,5,3,1,1,6,5,5,5
10,107,3,5,3,6,3,2,8,2,5
10,105,4,1,3,8,1,9,5,4,1
10,103,2,1,6,5,8,1,10,3,2,6,2
10,102,8,5,5,9,1,2,3,8,3
10,105,6,1,3,6,4,2,4,3,5
10,107,6,3,4,3,3,7,1,2,5
10,106,1,4,7,3,6,10,1,9,2
10,104,5,2,4,4,2,6,2,2,9,8,1,1,6
10,106,7,7,3,1,10,2,2,3,1
10,104,9,3,4,1,10,5,3,7,1
10,102,10,5,3,3,10,3,3,2,3
10,109,1,3,1,7,8,9,1,1,3
10,109,3,5,5,4,4,1,5,1,7
10,109,2,7,1,1,4,8,3,4,3,5,3
10,105,8,2,6,4,2,2,4,6,2
10,108,5,2,2,2,8,7,1,10,1,1,3
10,102,1,6,5,9,2,6,2,3,4,6,1
10,106,2,3,1,10,1,8,4,6,1,1,7,5,2
10,101,1,7,3,3,4,9,4,10,1
10,101,7,1,5,3,6,3,6,8,3,8,1
10,105,4,3,3,8,1,1,3,8,5
10,101,4,3,7,6,6,5,3,1,4
10,102,3,3,8,2,6,5,3,8,1,3,5
10,101,5,1,2,9,2,4,2,3,4,7,4,7,1
10,105,4,5,2,9,4,1,5,9,1
10,104,5,2,6,10,2,8,1,4,5
10,104,4,8,3,1,7,9,2,6,1,1,3,2,3
10,107,4,9,1,2,2,8,3,5,1,10,1
10,1010,3,1,1,3,3,4,7,3,4
10,105,3,1,1,1,6,7,4,10,3
10,104,1,3,2,5,2,9,2,7,6
10,106,2,4,8,6,1,5,5,5,1
10,107,7,1,9,1,8,2,3,8,1
10,106,1,3,7,3,1,4,6,6,1,10,2
10,102,6,7,4,8,1,6,4,8,1
10,104,3,4,1,2,7,4,10,5,2
10,105,5,7,1,3,7,3,3,6,3
10,103,2,3,6,8,4,2,3,3,6
10,106,7,1,5,3,8,6,1,1,3
10,109,2,1,5,4,3,1,5,8,5
10,105,4,2,10,4,4,2,8,8,1
10,102,5,3,6,4,7,6,1,9,2
10,104,1,3,7,5,7,2,2,8,2
10,105,2,4,1,2,1,6,2,10,4,6,2
10,103,2,8,3,2,2,2,1,8,2,8,2,2,6
10,104,4,2,6,6,2,5,2,6,5
10,1010,3,8,1,1,2,4,2,8,4
10,106,3,5,5,4,2,4,1,8,1,1,10,7,1
10,106,1,8,5,1,7,1,8,4,1,2,3,9,1
10,103,3,8,5,9,2,7,1,6,1
10,106,4,3,4,10,1,1,2,9,3,1,5
10,102,7,5,4,4,3,6,1,6,4,4,1
10,102,8,5,3,2,6,3,10,7,1
10,107,1,3,3,8,2,2,8,4,7,4,1
10,104,5,4,1,5,6,4,4,5,2
10,102,6,4,4,4,5,2,6,2,6,2,1,6,1
10,101,7,5,3,5,3,9,3,4,4
10,102,5,2,5,1,3,1,7,9,5,5,1
